0,2,2,0,2,2,0,1,1.5195
0,2,2,0,1,1,0,1,0.74345
0,2,2,0,1,2,0,1,0.73296
0,2,2,0,1,2,0,1,0.60483
0,2,2,0,1,2,0,1,0.61544
0,2,2,0,2,1,0,1,0.46857
0,2,2,0,1,1,0,1,0.45781
0,2,2,0,1,2,0,1,0.40186
0,2,2,0,2,1,0,1,0.37501
0,2,2,0,1,1,0,1,0.49002
0,2,2,0,1,1,0,1,0.45257
0,2,2,0,1,1,0,1,0.44422
1,2,2,1,1,2,16,3,0.57252
0,2,2,0,1,2,0,1,0.48427
0,2,2,0,2,1,0,1,0.46834
0,2,2,0,1,1,0,1,0.61758
1,2,2,1,2,1,14,3,0.5029
0,2,2,0,2,1,0,1,0.5616
1,2,2,1,2,2,21,3,0.46559
1,2,2,1,1,1,18,3,0.52136
1,2,2,1,1,1,12,3,0.49182
0,2,2,0,2,1,0,1,0.45469
1,2,2,1,2,1,12,3,0.4438
1,2,2,1,2,2,11,3,0.41972
0,2,2,0,2,1,0,1,0.50768
0,2,2,0,2,2,0,1,0.48361
1,2,2,1,2,1,15,3,0.51295
1,2,2,1,1,2,10,3,0.46478
0,2,2,0,1,2,0,1,0.49679
0,2,2,0,1,1,0,1,0.49702
1,2,2,1,2,1,10,3,0.48603
0,2,2,0,2,2,0,1,0.66998
1,2,2,1,2,2,10,3,0.44072
0,2,2,0,1,1,0,1,0.46219
1,2,2,1,2,2,20,3,0.4595
0,2,2,0,1,2,0,1,0.50747
0,2,2,0,1,1,0,1,0.43532
1,2,2,1,2,1,10,3,0.48304
0,2,2,0,2,1,0,1,0.42721
0,2,2,0,1,2,0,1,0.39771
1,2,1,1,2,1,16,3,1.0102
0,2,1,0,1,2,0,1,0.57294
0,2,1,0,2,1,0,1,0.4129
1,2,1,1,1,2,16,3,0.50608
0,2,1,0,2,1,0,1,0.4821
0,2,1,0,1,2,0,1,0.44729
0,2,1,0,1,2,0,1,0.32205
1,2,1,1,2,2,18,3,0.37263
0,2,1,0,1,1,0,1,0.57798
0,2,1,0,1,2,0,1,0.44985
0,2,1,0,2,2,0,1,0.35625
1,2,1,1,1,2,18,3,0.4818
0,2,1,0,2,1,0,1,0.47912
0,2,1,0,1,1,0,1,0.33747
0,2,1,0,2,2,0,1,0.36708
0,2,1,0,2,2,0,1,0.33747
0,2,1,0,1,2,0,1,0.3667
0,2,1,0,1,1,0,1,0.36665
0,2,1,0,2,2,0,1,0.32945
1,2,1,1,2,2,15,3,0.38808
1,2,1,1,1,2,17,1,0.38808
0,2,1,0,2,1,0,1,0.48403
0,2,1,0,2,1,0,1,0.40677
0,2,1,0,2,2,0,1,0.39571
0,2,1,0,1,2,0,1,0.37732
1,2,1,1,1,1,16,3,0.49989
0,2,1,0,1,2,0,1,0.39314
0,2,1,0,2,2,0,1,0.30231
0,2,1,0,1,2,0,1,0.34504
0,2,1,0,1,1,0,1,0.34774
1,2,1,1,1,2,16,3,0.49697
0,2,1,0,2,2,0,1,0.44617
0,2,1,0,2,1,0,1,0.40606
0,2,1,0,1,1,0,1,0.40589
0,2,1,0,1,2,0,1,0.35551
1,2,1,1,2,1,15,3,0.49124
0,2,1,0,2,2,0,1,0.65414
0,2,1,0,2,1,0,1,0.38455
1,2,1,1,1,1,10,1,0.31794
0,2,1,0,2,2,0,1,0.35531
1,2,2,1,2,1,12,1,0.55987
0,2,2,0,2,2,0,1,0.74383
0,2,2,0,2,1,0,1,0.50656
1,2,2,1,1,2,21,3,0.59996
1,2,2,1,2,2,10,3,0.37585
1,2,2,1,2,2,20,3,0.39166
1,2,2,1,1,1,17,3,0.43456
0,2,2,0,2,2,0,1,0.48249
0,2,2,0,1,2,0,1,0.4958
0,2,2,0,1,2,0,1,0.51672
0,2,2,0,1,2,0,1,0.70088
0,2,2,0,2,1,0,1,0.48213
1,2,2,1,1,2,13,3,0.47926
0,2,2,0,1,2,0,3,0.63147
1,2,2,1,2,2,11,3,0.73021
0,2,2,0,1,2,0,1,0.42351
1,2,2,1,2,2,12,3,0.60188
0,2,2,0,1,2,0,1,0.82064
0,2,2,0,2,2,0,1,0.50049
0,2,2,0,2,2,0,1,0.72718
1,2,2,1,2,2,14,3,0.58292
0,2,2,0,2,1,0,1,0.98304
0,2,2,0,1,2,0,1,0.47101
0,2,2,0,1,2,0,1,0.44683
0,2,2,0,1,2,0,1,0.50539
0,2,2,0,1,1,0,1,0.49498
0,2,2,0,2,2,0,1,0.46271
0,2,2,0,2,1,0,1,0.54783
0,2,2,0,2,2,0,1,0.45989
1,2,2,1,2,1,19,3,0.55079
0,2,2,0,2,2,0,1,0.48646
0,2,2,0,1,2,0,1,0.44122
1,2,2,1,2,2,16,3,0.45987
0,2,2,0,2,1,0,1,0.47314
0,2,2,0,2,2,0,1,0.42242
0,2,2,0,1,1,0,1,0.4543
0,2,2,0,1,2,0,1,0.40361
1,2,2,1,2,1,12,3,0.4462
0,2,2,0,1,1,0,1,0.41146
1,2,2,1,1,1,18,3,0.48893
0,2,2,0,1,1,0,1,0.80277
0,2,2,0,1,1,0,1,0.43469
0,2,2,0,1,1,0,1,0.44526
0,2,2,0,1,2,0,1,0.40221
0,2,2,0,1,1,0,1,0.36771
0,2,2,0,1,2,0,1,0.38899
0,2,2,0,2,2,0,1,0.51952
0,2,2,0,2,1,0,1,0.36747
0,2,2,0,2,2,0,1,0.36757
0,2,2,0,1,2,0,1,0.37
0,2,2,0,1,2,0,1,0.33294
0,2,2,0,1,1,0,1,0.31927
0,2,2,0,2,2,0,1,0.35687
0,2,2,0,1,1,0,1,0.33255
0,2,2,0,1,1,0,1,0.39941
0,2,2,0,1,2,0,1,0.3938
1,2,2,1,2,1,14,3,0.74055
0,2,2,0,1,2,0,1,0.47902
0,2,2,0,2,2,0,1,0.48192
0,2,2,0,2,1,0,1,0.30835
1,2,2,1,1,2,18,3,0.43085
0,2,2,0,1,2,0,1,0.48711
0,2,2,0,1,1,0,1,0.53749
0,2,2,0,1,2,0,1,0.67347
0,2,2,0,2,2,0,1,0.55618
0,2,2,0,2,2,0,1,0.4575
0,2,2,0,1,2,0,1,0.43085
0,2,2,0,2,1,0,1,0.42263
1,2,2,1,1,2,15,3,0.43061
0,2,2,0,1,1,0,1,0.3773
0,2,2,0,1,1,0,1,0.39839
1,2,2,1,1,1,12,3,0.4147
0,2,2,0,2,1,0,1,0.46789
1,2,2,1,1,2,17,3,0.4037
0,2,2,0,2,2,0,1,0.3585
0,2,2,0,2,1,0,1,0.55321
0,2,2,0,1,1,0,1,0.53181
0,2,2,0,2,1,0,1,0.50205
0,2,2,0,1,1,0,1,0.41684
0,2,2,0,2,2,0,1,0.34758
1,2,1,1,2,1,15,3,0.81398
0,2,1,0,1,2,0,1,0.59806
0,2,1,0,2,2,0,1,0.58996
0,2,1,0,2,1,0,1,0.43763
0,2,1,0,1,2,0,3,0.66693
0,2,1,0,2,2,0,1,0.42424
0,2,1,0,2,2,0,1,0.3445
0,2,1,0,2,2,0,1,0.37909
0,2,1,0,1,1,0,1,0.37096
1,2,1,1,1,2,16,3,0.4402
0,2,1,0,2,1,0,1,0.33333
0,2,1,0,1,2,0,1,0.36002
1,2,1,1,2,2,12,3,0.47748
0,2,1,0,1,2,0,1,0.33594
0,2,1,0,2,2,0,1,0.45079
0,2,1,0,2,2,0,1,0.32259
0,2,1,0,2,2,0,1,0.31969
0,2,1,0,1,1,0,1,0.32527
0,2,1,0,1,2,0,1,0.40498
1,2,1,1,2,2,19,3,0.47724
0,2,1,0,2,2,0,1,0.5116
1,2,1,1,1,1,15,3,0.55952
0,2,1,0,2,1,0,1,0.60209
0,2,1,0,1,2,0,1,0.40484
1,2,1,1,2,1,19,3,0.46354
0,2,1,0,1,1,0,1,0.52496
0,2,1,0,1,1,0,1,0.42597
0,2,1,0,1,1,0,1,0.45249
0,2,1,0,2,1,0,1,0.48735
0,2,1,0,2,1,0,1,0.42334
0,2,1,0,1,1,0,1,0.41264
1,2,1,1,1,2,14,3,0.60714
0,2,1,0,2,1,0,1,0.38314
0,2,1,0,1,1,0,1,0.42295
0,2,1,0,1,2,0,1,0.43657
0,2,1,0,1,2,0,1,0.36703
0,2,1,0,2,1,0,1,0.41209
0,2,1,0,2,1,0,1,0.3668
0,2,1,0,1,1,0,1,0.36419
0,2,1,0,2,1,0,1,0.28404
0,2,1,0,1,1,0,1,0.89441
0,2,1,0,2,1,0,1,0.41444
0,2,1,0,2,2,0,1,0.36109
1,2,1,1,2,1,10,3,0.50768
0,2,1,0,1,2,0,1,0.37974
1,2,1,1,1,1,21,1,0.33708
0,2,1,0,1,2,0,1,0.31572
0,2,1,0,2,2,0,1,0.40621
0,2,1,0,1,2,0,1,0.47553
0,2,1,0,1,1,0,1,0.48084
0,2,1,0,1,1,0,1,0.37164
0,2,1,0,2,2,0,1,0.33684
1,2,1,1,2,2,20,3,0.4061
0,2,1,0,1,1,0,1,0.38471
0,2,1,0,1,2,0,1,0.44877
0,2,1,0,1,2,0,1,0.33125
0,2,1,0,1,1,0,1,0.37379
0,2,1,0,2,2,0,1,0.48292
0,2,1,0,2,1,0,1,0.29892
1,2,1,1,2,2,20,3,0.45354
0,2,1,0,2,2,0,1,0.59753
0,2,1,0,2,1,0,1,0.45628
1,2,1,1,1,2,12,3,0.60554
0,2,1,0,2,1,0,1,0.49086
0,2,1,0,2,2,0,1,0.47199
1,2,1,1,1,2,13,3,0.54131
0,2,1,0,2,2,0,1,0.53888
1,2,1,1,2,1,17,3,0.48269
0,2,1,0,1,1,0,1,0.46149
1,2,1,1,1,1,12,3,0.47455
0,2,1,0,2,2,0,1,0.48244
1,2,1,1,2,1,13,3,0.43969
0,2,1,0,2,1,0,1,0.49059
1,2,1,1,2,2,11,3,0.41293
0,2,1,0,1,2,0,1,0.36231
1,2,1,1,2,2,12,3,0.45842
1,2,1,1,1,1,14,3,0.5569
0,2,1,0,1,1,0,1,0.53804
0,2,1,0,1,2,0,1,0.41534
0,2,1,0,1,1,0,1,0.4074
0,2,1,0,2,1,0,1,0.76189
0,2,1,0,1,1,0,1,0.73512
0,2,1,0,1,1,0,1,0.47356
1,2,1,1,1,2,17,1,0.4097
0,2,1,0,1,2,0,1,0.56721
0,2,1,0,1,2,0,1,0.40449
0,2,1,0,1,2,0,1,0.48429
0,2,1,0,1,1,0,1,0.36429
0,2,1,0,1,2,0,1,0.40666
0,2,1,0,2,1,0,1,0.41737
1,2,1,1,2,2,13,3,0.43601
0,2,1,0,2,2,0,1,0.71343
1,2,1,1,2,1,13,3,0.45196
0,2,1,0,2,2,0,1,0.57729
0,2,1,0,2,1,0,1,0.63867
1,2,1,1,2,1,17,3,0.43867
0,2,1,0,2,1,0,1,0.42771
1,2,1,1,1,2,10,3,0.47853
0,2,1,0,1,1,0,1,0.47042
0,2,1,0,2,1,0,1,0.38494
0,2,1,0,1,2,0,1,0.34231
0,2,1,0,1,2,0,1,0.34756
1,2,1,1,1,1,10,3,0.43038
0,2,1,0,2,2,0,1,0.47018
0,2,1,0,2,2,0,1,0.38484
1,2,1,1,2,1,18,3,0.41122
0,2,1,0,2,1,0,1,0.45657
0,2,1,0,2,2,0,1,0.48054
0,2,1,0,1,1,0,1,0.45905
0,2,1,0,1,1,0,1,0.44048
0,2,1,0,1,1,0,1,0.47769
0,2,1,0,1,2,0,1,0.53654
0,2,1,0,1,1,0,1,0.39772
0,2,1,0,2,2,0,1,0.34164
0,2,1,0,2,1,0,1,0.36287
0,2,1,0,1,2,0,1,0.41355
0,2,1,0,1,1,0,1,0.49352
1,2,1,1,1,1,14,3,0.62423
0,2,1,0,2,2,0,1,0.69357
0,2,1,0,1,2,0,1,0.40538
0,2,2,0,2,2,0,1,0.43719
0,2,2,0,1,2,0,1,0.36481
0,2,2,0,2,2,0,1,0.40248
0,2,2,0,1,2,0,1,0.36231
1,2,2,1,2,1,20,1,0.46385
0,2,2,0,2,2,0,1,0.42886
0,2,2,0,2,1,0,1,0.42085
0,2,2,0,1,2,0,1,0.33302
0,2,2,0,2,2,0,1,0.33289
0,2,2,0,1,1,0,1,0.49005
0,2,2,0,2,1,0,1,0.57798
1,2,2,1,2,1,10,3,0.38579
0,2,2,0,1,1,0,1,0.53011
0,2,2,0,1,1,0,1,0.37529
0,2,2,0,2,1,0,1,0.38854
1,2,2,1,2,2,15,3,0.40992
1,2,2,1,1,2,17,3,0.41258
1,2,2,1,2,1,13,3,0.47908
0,2,2,0,1,1,0,1,0.44977
0,2,2,0,2,1,0,1,0.38017
0,2,2,0,2,1,0,1,0.41242
0,2,2,0,1,1,0,1,0.59094
0,2,2,0,1,1,0,1,0.33481
0,2,2,0,2,2,0,1,0.44937
1,2,2,1,2,1,20,3,0.44956
0,2,2,0,1,2,0,1,0.5027
0,2,2,0,1,1,0,1,0.45465
0,2,2,0,2,1,0,1,0.42508
1,2,2,1,2,2,15,3,0.41189
0,2,2,0,2,2,0,1,0.40657
0,2,2,0,2,1,0,1,0.41427
0,2,2,0,1,1,0,1,0.45189
1,2,2,1,1,2,19,3,0.47558
0,2,2,0,2,1,0,1,0.54746
0,2,2,0,2,2,0,1,0.42487
1,2,2,1,2,2,13,3,0.49158
1,2,2,1,2,2,14,3,0.53675
0,2,2,0,2,2,0,1,0.50229
0,2,2,0,2,1,0,1,0.55548
0,2,2,0,1,2,0,1,0.46208
0,2,1,0,2,2,0,1,0.7496
0,2,1,0,1,2,0,1,0.42429
0,2,1,0,2,2,0,1,0.41102
0,2,1,0,2,1,0,1,0.4134
0,2,1,0,1,1,0,1,0.42669
0,2,1,0,1,1,0,1,0.34406
0,2,1,0,2,2,0,1,0.36805
0,2,1,0,2,1,0,1,0.35752
1,2,1,1,1,2,21,1,0.28023
0,2,1,0,2,1,0,1,0.5175
1,2,1,1,2,2,18,3,0.45055
0,2,1,0,1,1,0,1,0.35705
0,2,1,0,2,2,0,1,0.42645
1,2,1,1,2,1,20,3,0.41861
0,2,1,0,1,2,0,1,0.39964
1,2,1,1,1,1,12,3,0.53313
1,2,1,1,1,2,11,3,0.47713
0,2,1,0,1,2,0,1,0.56235
0,2,1,0,1,1,0,1,0.43442
0,2,1,0,2,1,0,1,0.37825
0,2,1,0,1,2,0,1,0.66874
0,2,1,0,1,2,0,1,0.63679
0,2,1,0,1,2,0,1,0.37557
0,2,1,0,1,2,0,1,0.31122
1,2,1,1,2,1,13,3,0.46852
1,2,1,1,1,1,18,3,0.61241
0,2,1,0,1,1,0,1,0.68463
0,2,1,0,2,2,0,1,0.34047
0,2,1,0,2,1,0,1,0.34032
0,2,1,0,2,1,0,1,0.41245
1,2,1,1,1,2,20,3,0.55123
0,2,1,0,1,2,0,1,0.39093
0,2,1,0,1,1,0,1,0.42575
1,2,1,1,2,2,10,3,0.48161
0,2,1,0,1,1,0,1,0.46555
1,2,1,1,1,1,13,3,0.74794
0,2,1,0,2,1,0,1,0.49747
0,2,1,0,1,2,0,1,0.35847
1,2,1,1,1,2,20,3,0.5586
0,2,1,0,2,1,0,1,0.49444
1,2,2,1,2,2,20,3,0.51039
0,2,2,0,2,1,0,1,0.60895
0,2,2,0,2,1,0,1,0.3691
1,2,2,1,2,1,20,3,0.47556
0,2,2,0,1,2,0,1,0.35822
0,2,2,0,2,1,0,1,0.51019
0,2,2,0,2,2,0,1,0.45675
0,2,2,0,2,1,0,1,0.56868
1,2,2,1,2,1,12,3,0.43785
0,2,2,0,2,1,0,1,0.30201
0,2,2,0,1,2,0,1,0.37638
1,2,2,1,2,1,20,3,0.5579
0,2,2,0,2,2,0,1,0.43758
0,2,2,0,2,2,0,1,0.4004
0,2,2,0,2,2,0,1,0.45646
0,2,2,0,2,2,0,1,0.46146
0,2,2,0,2,2,0,1,0.33882
1,2,2,1,1,2,16,1,0.29883
1,2,2,1,1,1,19,3,0.46668
0,2,2,0,2,2,0,1,0.36285
0,2,2,0,1,1,0,1,0.39224
0,2,2,0,1,1,0,1,0.48811
0,2,2,0,1,2,0,1,0.45084
0,2,2,0,1,1,0,1,0.4028
1,2,2,1,1,2,21,3,0.44814
1,2,2,1,1,1,20,3,0.41341
0,2,2,0,1,1,0,1,0.44783
0,2,2,0,1,1,0,1,0.42089
0,2,2,0,1,1,0,1,0.629
1,2,2,1,2,1,15,3,0.45565
0,2,2,0,2,1,0,1,0.55429
0,2,2,0,1,1,0,1,0.4956
0,2,2,0,2,1,0,1,0.40498
0,2,2,0,2,1,0,1,0.50081
0,2,2,0,1,1,0,1,0.54604
1,2,2,1,2,1,11,3,0.53276
0,2,2,0,1,2,0,1,0.68992
0,2,2,0,1,1,0,1,0.49003
0,2,2,0,2,1,0,1,0.50608
1,2,2,1,1,2,12,3,0.56201
1,3,2,1,1,2,11,3,0.96593
1,3,2,1,1,2,21,3,0.39256
0,3,2,0,2,2,0,1,0.45656
0,3,2,0,1,1,0,1,0.33116
1,3,2,1,2,1,18,3,0.46173
1,3,2,1,1,1,15,3,0.47506
1,3,2,1,2,2,16,3,0.42444
1,3,2,1,1,1,13,3,0.35749
1,3,2,1,2,1,11,3,0.40032
1,3,2,1,1,1,15,3,0.46955
1,3,2,1,2,1,15,3,0.36829
0,3,2,0,2,1,0,1,0.49616
0,3,2,0,1,1,0,1,0.47478
0,3,2,0,1,1,0,1,0.39996
0,3,2,0,2,1,0,1,0.41328
1,3,2,1,2,2,10,3,0.46115
1,3,2,1,1,2,13,3,0.38918
0,3,2,0,2,1,0,1,0.47189
1,3,2,1,1,1,15,3,0.5145
1,3,2,1,2,2,13,3,0.42912
0,3,2,0,1,1,0,1,0.52763
1,3,2,1,2,2,12,3,0.43978
0,3,2,0,2,1,0,1,0.4927
1,3,2,1,2,2,16,3,0.60208
0,3,2,0,1,2,0,1,0.62333
1,3,2,1,2,2,11,3,0.59935
0,3,2,0,2,2,0,1,0.50602
1,3,2,1,2,2,11,3,0.50352
0,3,2,0,2,2,0,1,0.49273
1,3,2,1,1,1,13,3,0.49523
1,3,2,1,2,2,20,3,0.53538
0,3,2,0,1,1,0,1,0.60731
1,3,2,1,1,1,15,3,0.46032
1,3,2,1,1,2,20,3,0.38316
1,3,2,1,2,2,17,3,0.43639
1,3,2,1,2,1,14,3,0.45237
1,3,2,1,2,2,15,3,0.39887
0,3,2,0,1,2,0,1,0.64133
0,3,2,0,1,2,0,1,0.5188
1,3,2,1,2,2,19,3,0.41462
0,3,1,0,1,2,0,1,0.70531
1,3,1,1,1,2,16,3,0.58775
1,3,1,1,1,1,19,3,0.5317
0,3,1,0,2,2,0,1,0.52641
0,3,1,0,2,2,0,1,0.44379
0,3,1,0,2,1,0,1,0.59841
1,3,1,1,1,2,18,1,0.31815
0,3,1,0,1,2,0,1,0.3557
0,3,1,0,2,1,0,1,0.3475
0,3,1,0,1,2,0,1,0.31291
0,3,1,0,1,1,0,1,0.5661
0,3,1,0,1,2,0,1,0.33383
0,3,1,0,2,2,0,1,0.39277
0,3,1,0,2,2,0,1,0.33663
0,3,1,0,2,1,0,1,0.41382
0,3,1,0,2,1,0,1,0.33138
1,3,1,1,1,1,15,3,0.47501
0,3,1,0,2,2,0,1,0.43241
1,3,1,1,1,1,13,3,0.49382
1,3,1,1,2,2,21,3,0.49887
1,3,1,1,2,2,11,3,0.4241
0,3,1,0,2,1,0,1,0.44015
1,3,1,1,2,1,18,3,0.46416
1,3,1,1,1,1,18,1,0.49615
0,3,1,0,2,1,0,1,0.45362
0,3,1,0,2,2,0,1,0.58144
0,3,1,0,1,1,0,1,0.38936
1,3,1,1,2,2,12,3,0.44247
0,3,1,0,1,1,0,1,0.38675
0,3,1,0,2,1,0,1,0.3814
1,3,1,1,1,2,10,3,0.48248
1,3,1,1,1,1,12,3,0.43727
1,3,1,1,2,2,17,3,0.38358
1,3,1,1,1,2,11,3,0.40508
1,3,1,1,1,2,19,3,0.42892
0,3,1,0,2,2,0,1,0.56501
1,3,1,1,1,1,15,3,0.53035
0,3,1,0,2,2,0,1,0.39169
1,3,1,1,2,2,16,3,0.71678
1,3,1,1,1,2,15,3,0.41826
1,3,1,1,2,2,12,3,0.57745
0,3,1,0,1,2,0,1,0.45998
1,3,1,1,1,1,18,3,0.63622
1,3,1,1,1,1,11,3,0.56664
1,3,1,1,2,2,14,3,0.42509
0,3,1,0,1,2,0,1,0.53718
1,3,1,1,2,2,19,3,0.51306
0,3,1,0,2,1,0,1,0.46258
1,3,1,1,1,1,16,3,0.64384
1,3,1,1,1,1,12,3,0.44923
1,3,1,1,2,2,13,3,0.37174
1,3,1,1,2,1,21,3,0.43842
0,3,1,0,2,2,0,1,0.80609
0,3,1,0,1,1,0,1,0.3957
1,3,1,1,2,2,15,3,0.50471
1,3,1,1,1,1,20,3,0.7046
1,3,1,1,2,1,19,3,0.42212
0,3,1,0,2,2,0,1,0.52872
0,3,1,0,2,2,0,1,0.34479
1,3,1,1,1,2,19,3,0.55541
1,3,1,1,2,2,21,3,0.45914
1,3,1,1,2,2,10,3,0.4379
0,3,1,0,2,2,0,1,0.51508
1,3,1,1,1,2,13,3,0.49909
0,3,1,0,1,1,0,1,0.58425
0,3,1,0,2,1,0,1,0.49114
0,3,1,0,2,1,0,1,0.35504
0,3,1,0,1,2,0,1,0.39481
1,3,1,1,2,1,13,3,0.46417
0,3,1,0,2,1,0,1,0.51459
0,3,1,0,2,1,0,1,0.44539
1,3,1,1,1,2,21,3,0.52283
1,3,1,1,1,1,21,3,0.5148
0,3,1,0,2,1,0,1,0.50669
1,3,1,1,1,2,15,3,0.53051
1,3,1,1,2,2,10,3,0.57833
1,3,1,1,2,2,20,3,0.45043
1,3,1,1,2,1,16,3,0.42632
0,3,1,0,2,1,0,1,0.73038
1,3,1,1,2,1,18,3,0.49316
0,3,1,0,1,1,0,1,0.51945
0,3,1,0,1,2,0,1,0.43939
0,3,1,0,1,1,0,1,0.36495
1,3,1,1,2,1,12,3,0.48208
0,3,1,0,1,1,0,1,0.41811
1,3,1,1,1,1,11,1,0.28174
0,3,1,0,1,2,0,1,0.46335
1,3,1,1,2,1,19,3,0.67643
0,3,1,0,2,1,0,1,0.49237
1,3,1,1,2,1,13,3,0.52717
0,3,1,0,2,2,0,1,0.49506
0,3,1,0,1,2,0,1,0.39913
1,3,1,1,2,2,19,3,0.65505
1,3,1,1,2,1,13,3,0.50557
0,3,1,0,1,1,0,1,0.44417
0,3,1,0,1,1,0,1,0.44393
0,3,1,0,1,2,0,1,0.37475
1,3,1,1,2,1,18,3,0.62008
0,3,1,0,1,2,0,3,0.3667
1,3,1,1,1,1,20,3,0.6707
0,3,1,0,2,2,0,1,0.44401
0,3,1,0,2,2,0,1,0.36658
1,3,1,1,2,2,14,3,0.41718
0,3,1,0,1,2,0,1,0.52387
0,3,1,0,2,1,0,1,0.52621
0,3,1,0,2,1,0,1,0.35302
0,3,1,0,1,1,0,1,0.3477
1,3,1,1,1,1,17,3,0.44904
0,3,1,0,1,2,0,1,0.39835
0,3,1,0,2,2,0,1,0.35017
1,3,1,1,2,1,12,3,0.39542
0,3,1,0,2,2,0,1,0.33945
1,3,1,1,1,1,15,3,0.41142
1,3,1,1,2,1,15,3,0.57398
0,3,1,0,2,2,0,1,0.37921
1,3,1,1,1,2,16,3,0.48308
0,3,1,0,2,1,0,1,0.58706
1,3,1,1,1,2,13,3,0.45372
0,3,1,0,1,1,0,1,0.41095
1,3,1,1,1,2,10,3,0.42148
0,3,2,0,2,2,0,1,0.88822
1,3,2,1,2,1,19,3,0.48819
0,3,2,0,2,2,0,1,0.44815
0,3,2,0,2,1,0,1,0.32804
1,3,2,1,2,2,10,3,0.46375
1,3,2,1,1,1,10,3,0.57596
0,3,2,0,1,1,0,1,0.38122
0,3,2,0,1,2,0,1,0.42623
1,3,2,1,1,2,17,3,0.43973
1,3,2,1,2,2,12,3,0.72486
0,3,2,0,2,1,0,1,0.53014
0,3,2,0,1,2,0,1,0.44477
1,3,2,1,1,1,13,3,0.41827
0,3,2,0,2,2,0,1,0.47392
1,3,2,1,1,1,19,3,0.40212
1,3,2,1,2,1,11,3,0.47137
1,3,2,1,2,1,14,3,0.41007
1,3,2,1,2,2,17,3,0.39378
0,3,2,0,2,1,0,1,0.56202
1,3,2,1,1,1,19,3,0.50321
0,3,2,0,1,2,0,1,0.49497
1,3,2,1,2,1,15,3,0.62556
0,3,2,0,1,2,0,1,0.49228
1,3,2,1,1,1,17,3,0.64173
0,3,2,0,2,2,0,1,0.78306
0,3,2,0,1,1,0,1,0.47627
0,3,2,0,2,2,0,1,0.37234
0,3,2,0,2,2,0,1,0.40691
0,3,2,0,1,2,0,1,0.42794
1,3,2,1,1,1,16,3,0.57465
1,3,2,1,1,1,20,3,0.46008
1,3,2,1,1,1,19,3,0.42282
1,3,2,1,2,1,11,3,0.42517
1,3,2,1,2,2,18,3,0.4013
1,3,2,1,1,2,11,3,0.44641
1,3,2,1,2,2,16,3,0.43842
0,3,2,0,2,1,0,1,0.53952
1,3,2,1,2,2,10,3,0.52921
0,3,2,0,1,2,0,1,0.46225
0,3,2,0,2,1,0,1,0.45945
1,3,1,1,1,2,17,3,0.59553
1,3,1,1,2,2,13,3,0.68842
0,3,1,0,2,1,0,1,0.49646
0,3,1,0,2,2,0,1,0.43778
0,3,1,0,2,2,0,1,0.35783
1,3,1,1,2,1,21,3,0.49645
1,3,1,1,1,2,14,3,0.40579
0,3,1,0,2,2,0,1,0.44558
0,3,1,0,2,2,0,1,0.39501
1,3,1,1,1,2,19,3,0.46937
1,3,1,1,2,2,18,3,0.39505
1,3,1,1,1,2,11,3,0.72539
1,3,1,1,1,2,13,3,0.38951
0,3,1,0,2,2,0,1,0.52524
1,3,1,1,1,2,20,3,0.48821
0,3,1,0,2,2,0,1,0.4159
1,3,1,1,2,1,21,3,0.50933
1,3,1,1,1,1,11,3,0.4239
0,3,1,0,2,1,0,1,0.56784
1,3,1,1,1,1,19,3,0.44234
1,3,1,1,2,1,15,3,0.47952
0,3,1,0,1,2,0,1,0.49588
1,3,1,1,1,2,13,3,0.47678
0,3,1,0,2,2,0,1,0.53838
1,3,1,1,1,1,17,1,0.51701
1,3,1,1,1,2,21,3,0.47964
1,3,1,1,2,2,11,3,0.52213
1,3,1,1,2,1,20,3,0.45543
0,3,1,0,1,2,0,1,0.49794
1,3,1,1,1,2,14,3,0.49535
1,3,1,1,2,2,11,3,0.43919
1,3,1,1,1,1,15,3,0.39672
1,3,1,1,2,2,15,3,0.45256
0,3,1,0,2,2,0,1,0.40722
1,3,1,1,2,2,13,3,0.50025
0,3,1,0,2,2,0,1,0.42842
0,3,1,0,2,2,0,1,0.34314
0,3,1,0,2,2,0,1,0.38825
1,3,1,1,2,2,14,3,0.47098
0,3,1,0,2,1,0,1,0.36164
0,3,1,0,2,1,0,1,0.84124
1,3,1,1,2,1,20,3,0.42503
1,3,1,1,1,2,15,3,0.59596
1,3,1,1,2,1,19,3,0.37958
1,3,1,1,1,2,21,3,0.47571
1,3,1,1,2,1,19,3,0.40363
1,3,1,1,1,1,15,3,0.39039
0,3,1,0,2,2,0,1,0.42766
1,3,1,1,1,1,12,3,0.46491
0,3,1,0,2,1,0,1,0.49159
1,3,1,1,1,1,20,3,0.51827
1,3,1,1,1,2,10,3,0.38205
0,3,1,0,1,1,0,1,0.48878
0,3,1,0,1,1,0,1,0.43807
1,3,1,1,1,2,14,3,0.63016
0,3,1,0,2,2,0,1,0.5979
1,3,1,1,1,2,13,3,0.46461
1,3,1,1,2,2,18,3,0.44044
0,3,1,0,2,1,0,1,0.41382
0,3,1,0,1,1,0,1,0.38439
1,3,1,1,1,2,12,3,0.43253
0,3,1,0,2,1,0,1,0.42969
1,3,1,1,1,1,16,3,0.46968
0,3,1,0,2,2,0,1,0.42412
1,3,1,1,2,1,11,3,0.41347
1,3,1,1,2,1,20,3,0.61087
0,3,1,0,2,2,0,1,0.544
0,3,1,0,1,2,0,1,0.41068
0,3,1,0,1,2,0,1,0.35713
0,3,1,0,2,2,0,1,0.38936
0,3,1,0,1,1,0,1,0.40248
1,3,1,1,2,1,17,3,0.46126
0,3,1,0,1,2,0,1,0.56
1,3,1,1,2,2,15,3,0.60234
0,3,1,0,1,1,0,1,0.62088
1,3,1,1,2,2,11,3,0.50378
1,3,1,1,2,2,14,3,0.54615
1,3,1,1,2,1,17,3,0.49021
0,3,1,0,2,1,0,1,0.55705
1,3,1,1,2,2,17,3,0.47165
1,3,2,1,2,1,13,3,0.83925
1,3,2,1,2,1,10,3,0.33268
0,3,2,0,2,1,0,1,0.47891
1,3,2,1,1,1,17,3,0.49256
1,3,2,1,1,1,10,3,0.36714
0,3,2,0,1,2,0,1,0.46042
1,3,2,1,1,1,15,3,0.45498
0,3,2,0,2,1,0,1,0.4897
0,3,2,0,2,1,0,1,0.3935
1,3,2,1,1,1,17,3,0.45737
1,3,2,1,1,1,20,3,0.50279
0,3,2,0,1,1,0,1,0.43889
0,3,2,0,1,1,0,1,0.49461
1,3,2,1,2,1,15,3,0.46253
0,3,2,0,1,1,0,1,0.89741
0,3,2,0,1,2,0,1,0.46234
1,3,2,1,2,2,12,3,0.48631
0,3,2,0,2,2,0,1,0.44081
0,3,2,0,1,2,0,1,0.41968
0,3,2,0,2,2,0,1,0.42217
1,3,2,1,1,2,21,3,0.4516
0,3,2,0,2,1,0,1,0.56913
0,3,2,0,1,2,0,1,0.37401
0,3,2,0,2,2,0,1,0.36615
0,3,2,0,1,2,0,1,0.35794
1,3,2,1,1,2,14,3,0.62484
0,3,2,0,1,2,0,1,0.6008
1,3,2,1,2,1,16,3,0.58179
1,3,2,1,2,2,19,3,0.59795
1,3,2,1,1,1,13,3,0.45921
0,3,2,0,1,2,0,1,0.50203
0,3,2,0,1,1,0,1,0.47527
1,3,2,1,2,1,19,3,0.66953
1,3,2,1,1,2,10,3,0.4112
0,3,2,0,2,2,0,1,0.5125
0,3,2,0,2,1,0,1,0.65373
0,3,2,0,1,2,0,1,0.73902
1,3,2,1,1,1,16,3,0.45331
0,3,2,0,1,1,0,1,0.39477
1,3,2,1,2,2,21,3,0.47999
0,3,2,0,2,1,0,1,0.62102
0,3,2,0,1,2,0,1,0.37011
0,3,2,0,1,1,0,1,0.34597
1,3,2,1,1,2,18,3,0.50893
1,3,2,1,2,2,10,3,0.74065
0,3,2,0,2,2,0,1,0.40732
0,3,2,0,2,1,0,1,0.33775
1,3,2,1,1,2,17,3,0.39639
0,3,2,0,2,2,0,1,0.50061
1,3,2,1,1,2,14,3,0.69797
0,3,2,0,2,2,0,1,0.38568
1,3,2,1,2,2,14,3,0.47387
1,3,2,1,1,2,19,3,0.69232
1,3,2,1,2,1,20,3,0.40711
0,3,2,0,2,1,0,1,0.48413
0,3,2,0,2,2,0,1,0.42295
0,3,2,0,2,2,0,1,0.41206
0,3,2,0,2,1,0,1,0.46266
1,3,2,1,2,2,17,3,0.66269
0,3,2,0,2,2,0,1,0.45455
1,3,2,1,1,2,14,3,0.5078
0,3,2,0,1,2,0,1,0.45452
0,3,2,0,1,1,0,1,0.52935
0,3,2,0,1,2,0,1,0.42794
0,3,2,0,1,2,0,1,0.41181
1,3,2,1,1,2,16,3,0.45169
0,3,2,0,1,1,0,1,0.47826
0,3,2,0,2,2,0,1,0.5021
0,3,2,0,1,1,0,1,0.4008
0,3,2,0,2,1,0,1,0.41427
1,3,2,1,2,1,18,3,0.42496
1,3,2,1,2,2,16,3,0.67788
1,3,2,1,1,1,19,3,0.49672
0,3,2,0,2,1,0,1,0.56856
0,3,2,0,1,1,0,1,0.40067
0,3,2,0,2,2,0,1,0.33386
1,3,2,1,2,1,16,3,0.41099
0,3,2,0,1,1,0,1,0.40045
1,3,2,1,2,2,10,3,0.45636
1,3,2,1,2,2,19,3,0.47776
1,3,2,1,1,1,20,3,0.60546
1,3,2,1,2,1,15,3,0.69314
0,3,2,0,2,1,0,1,0.4961
1,3,2,1,2,1,15,3,0.57838
1,3,2,1,1,2,20,3,0.49332
0,3,2,0,2,2,0,1,0.51719
0,3,2,0,1,1,0,1,0.44769
0,3,2,0,2,2,0,1,0.43188
0,3,2,0,2,1,0,1,0.50107
0,3,2,0,2,2,0,1,0.33559
1,3,2,1,2,2,13,3,0.51162
0,3,2,0,1,2,0,1,0.4742
0,3,2,0,2,1,0,1,0.6929
1,3,2,1,1,2,15,3,0.67412
0,3,2,0,1,1,0,1,0.47413
1,3,2,1,1,1,18,3,0.54615
0,3,2,0,1,1,0,1,0.46842
0,3,2,0,2,1,0,1,0.41797
0,3,2,0,1,2,0,1,0.43139
0,3,2,0,2,1,0,1,0.40729
1,3,2,1,1,2,14,3,0.57759
1,3,2,1,2,2,11,1,0.40986
0,3,2,0,2,1,0,1,0.46812
1,3,2,1,1,1,11,3,0.54536
1,3,2,1,2,1,15,3,0.45743
0,3,2,0,1,2,0,1,0.45497
1,3,2,1,1,1,11,3,0.54819
0,3,2,0,1,2,0,1,0.48955
0,3,2,0,2,1,0,1,0.37454
0,3,2,0,1,2,0,1,0.49456
0,3,2,0,2,1,0,1,0.42798
1,3,2,1,2,2,15,3,0.50525
1,3,2,1,1,1,18,3,0.56667
0,3,2,0,1,1,0,1,0.50784
0,3,2,0,2,1,0,1,0.37453
0,3,2,0,2,1,0,1,0.47049
1,3,2,1,2,1,14,3,0.47822
0,3,2,0,2,1,0,1,0.42493
0,3,2,0,1,2,0,1,0.41409
1,3,2,1,2,2,21,3,0.83301
1,1,2,1,1,2,12,3,0.42808
1,1,2,1,1,1,13,3,0.43578
1,1,2,1,2,2,10,3,0.33469
1,1,2,1,2,2,18,3,0.43057
1,1,2,1,2,2,10,3,0.39032
1,1,2,1,1,1,18,3,0.37975
1,1,2,1,2,2,14,3,0.34763
1,1,2,1,2,2,10,3,0.44892
1,1,2,1,1,1,16,3,0.38477
1,1,2,1,2,1,21,3,0.38505
1,1,2,1,1,2,17,3,0.41145
0,1,2,0,2,2,0,1,0.47023
1,1,2,1,1,2,21,3,0.37674
0,1,2,0,1,2,0,1,1.1526
1,1,2,1,1,2,19,3,0.44575
1,1,2,1,2,2,14,3,0.51529
0,1,2,0,1,2,0,1,0.47781
1,1,2,1,2,2,13,3,0.41668
1,1,2,1,2,2,18,3,0.30443
0,1,2,0,2,2,0,1,0.41913
1,1,2,1,2,2,12,3,0.411
1,1,2,1,2,1,17,3,0.43498
0,1,2,0,1,1,0,1,0.47489
1,1,2,1,1,1,11,3,0.33352
1,1,2,1,2,1,16,3,0.45063
0,1,2,0,2,1,0,1,0.45079
1,1,2,1,1,2,19,3,0.44529
1,1,2,1,1,1,12,3,0.49329
1,1,2,1,2,1,13,3,0.42122
0,1,2,0,1,1,0,1,0.456
1,1,2,1,2,2,14,3,0.46122
0,1,2,0,2,1,0,1,0.53864
1,1,2,1,1,2,10,3,0.5066
1,1,2,1,1,1,20,3,0.38642
1,1,2,1,2,1,17,3,0.44504
1,1,2,1,1,2,15,3,0.42913
1,1,2,1,1,2,19,3,0.36246
1,1,2,1,2,2,12,3,0.4131
1,1,2,1,1,2,13,3,0.53026
1,1,2,1,2,1,15,3,0.41297
0,1,1,0,1,2,0,1,0.586
1,1,1,1,2,2,19,3,0.93781
1,1,1,1,2,2,12,3,0.42836
0,1,1,0,2,1,0,1,0.46596
1,1,1,1,1,1,10,3,0.48182
1,1,1,1,2,2,10,3,0.42848
1,1,1,1,2,2,18,3,0.35103
1,1,1,1,2,2,10,3,0.35902
1,1,1,1,2,2,19,3,0.34558
0,1,1,0,2,2,0,1,0.48684
0,1,1,0,1,2,0,1,0.34283
0,1,1,0,1,1,0,1,0.62823
1,1,1,1,2,2,16,3,0.58
0,1,1,0,2,1,0,1,0.34514
1,1,1,1,2,2,14,3,0.46511
1,1,1,1,2,1,17,3,0.4573
1,1,1,1,1,2,11,3,0.41453
1,1,1,1,2,1,11,3,0.39301
0,1,1,0,2,2,0,3,0.32389
0,1,1,0,2,2,0,1,0.36643
1,1,1,1,1,2,12,3,0.45181
1,1,1,1,2,1,16,3,0.37165
1,1,1,1,2,2,13,3,0.513
1,1,1,1,2,2,14,3,0.36901
0,1,1,0,2,1,0,1,0.75806
1,1,1,1,1,2,16,3,0.43534
0,1,1,0,2,1,0,1,0.4995
1,1,1,1,1,1,10,3,0.39537
1,1,1,1,1,1,19,3,0.44061
1,1,1,1,2,2,17,3,0.41396
1,1,1,1,1,2,18,3,0.65673
1,1,1,1,1,2,21,3,0.43781
1,1,1,1,2,2,14,3,0.39526
1,1,1,1,1,2,20,3,0.35245
1,1,1,1,2,2,12,3,0.39755
1,1,1,1,1,1,18,3,0.45371
1,1,1,1,1,2,14,3,0.46951
1,1,1,1,2,1,16,3,0.40026
1,1,1,1,1,1,12,3,0.41904
1,1,1,1,1,2,11,3,0.4003
1,1,2,1,2,1,18,1,0.54382
1,1,2,1,1,1,21,3,0.33579
1,1,2,1,2,1,18,3,0.73564
1,1,2,1,2,1,11,3,0.46641
0,1,2,0,2,2,0,1,1.0768
1,1,2,1,1,1,13,3,0.61551
0,1,2,0,2,1,0,1,0.669
1,1,2,1,1,1,11,3,0.4741
1,1,2,1,1,2,18,3,0.46876
1,1,2,1,1,1,15,3,0.38093
0,1,2,0,2,1,0,1,0.55918
1,1,2,1,1,2,10,3,0.46043
1,1,2,1,1,2,21,3,0.57255
1,1,2,1,2,1,10,3,0.42052
1,1,2,1,1,2,17,3,0.42327
1,1,2,1,2,1,17,3,0.61517
0,1,2,0,1,1,0,1,0.47365
0,1,2,0,1,2,0,1,0.77495
0,1,2,0,1,2,0,1,0.42558
0,1,2,0,1,1,0,1,0.4174
1,1,2,1,1,1,18,3,0.6041
0,1,2,0,1,2,0,1,0.52959
1,1,2,1,1,1,14,3,0.46268
1,1,2,1,2,1,13,3,0.59054
0,1,2,0,2,1,0,1,0.52661
0,1,2,0,2,2,0,1,0.44688
1,1,2,1,1,2,18,3,0.42809
1,1,2,1,2,1,18,3,0.45991
1,1,2,1,2,2,19,3,0.49721
0,1,2,0,1,1,0,1,0.54792
0,1,2,0,2,2,0,1,0.71324
1,1,2,1,1,2,10,3,0.71046
1,1,2,1,2,2,13,3,0.49173
1,1,2,1,1,2,21,3,0.40622
1,1,2,1,1,2,19,3,0.38479
0,1,2,0,1,1,0,1,0.50223
1,1,2,1,2,1,10,3,0.6939
1,1,2,1,1,2,16,3,0.45682
0,1,2,0,1,2,0,1,0.59781
0,1,2,0,1,2,0,1,0.64347
1,1,1,1,2,2,17,3,0.66965
1,1,1,1,2,1,19,3,0.53885
1,1,1,1,2,1,18,3,1.0109
1,1,1,1,1,2,11,3,0.42961
0,1,1,0,1,2,0,1,0.39726
1,1,1,1,1,1,13,3,0.44012
1,1,1,1,2,1,16,3,0.43453
1,1,1,1,2,1,17,3,0.37592
1,1,1,1,2,2,17,3,0.37336
1,1,1,1,2,2,15,3,0.43198
1,1,1,1,1,2,15,3,0.52497
1,1,1,1,2,2,12,3,0.38099
1,1,1,1,2,1,13,3,0.35952
1,1,1,1,2,1,11,3,0.39424
1,1,1,1,1,1,16,3,0.6504
1,1,1,1,2,2,12,3,0.3436
1,1,1,1,1,1,21,3,0.37546
1,1,1,1,1,1,13,3,0.3728
0,1,1,0,1,2,0,1,0.54341
1,1,1,1,2,2,14,3,0.52203
1,1,1,1,2,1,14,3,0.35144
1,1,1,1,2,2,16,3,0.4044
1,1,1,1,1,2,19,3,0.33243
1,1,1,1,2,2,17,3,0.37766
1,1,1,1,2,2,19,3,0.60174
1,1,1,1,2,1,10,3,0.38031
1,1,1,1,1,2,15,3,0.46569
1,1,1,1,2,1,20,3,0.32705
1,1,1,1,1,1,17,3,0.42552
1,1,1,1,1,2,12,3,0.39886
1,1,1,1,1,1,20,3,0.34836
0,1,1,0,1,1,0,1,0.48407
0,1,1,0,1,2,0,1,0.73988
0,1,1,0,2,1,0,1,0.4735
1,1,1,1,1,1,21,3,0.7508
1,1,1,1,1,2,10,3,0.70276
1,1,1,1,1,1,16,3,0.44119
1,1,1,1,2,1,19,3,0.38247
1,1,1,1,1,1,15,3,0.41425
0,1,1,0,2,1,0,1,0.7585
1,1,1,1,1,1,19,3,0.43272
0,1,1,0,1,2,0,1,0.45139
1,1,1,1,1,2,13,3,0.48855
0,1,1,0,2,1,0,3,0.46718
1,1,1,1,2,1,13,3,0.46434
1,1,1,1,1,1,14,3,0.53361
1,1,1,1,2,2,15,3,0.84838
0,1,1,0,1,2,0,1,0.41365
0,1,1,0,1,1,0,1,0.42152
0,1,1,0,1,2,0,1,0.35745
0,1,1,0,1,2,0,1,0.31217
0,1,1,0,2,1,0,1,0.33355
1,1,1,1,2,1,17,3,0.4828
0,1,1,0,2,2,0,1,0.58677
0,1,1,0,2,2,0,1,0.42124
1,1,1,1,1,1,17,3,0.47474
1,1,1,1,2,2,19,3,0.55724
1,1,1,1,2,1,20,3,0.42136
1,1,1,1,1,1,16,3,0.41061
1,1,1,1,1,2,12,3,0.58121
1,1,1,1,2,1,12,3,0.65055
1,1,1,1,1,1,20,3,0.52219
1,1,1,1,1,2,11,3,0.39676
1,1,1,1,1,1,10,3,0.39679
1,1,1,1,2,2,11,3,0.5117
1,1,1,1,1,2,19,3,0.42073
1,1,1,1,1,1,17,3,0.4021
1,1,1,1,1,1,19,3,0.3593
0,1,1,0,1,1,0,1,0.59133
1,1,1,1,2,1,19,3,0.73787
1,1,1,1,2,2,10,3,0.51384
1,1,1,1,2,1,16,3,0.53254
1,1,1,1,2,1,13,3,0.60162
1,1,1,1,2,2,11,3,0.44709
1,1,1,1,1,1,21,3,0.6018
1,1,1,1,2,2,12,3,0.55346
1,1,1,1,2,2,14,3,0.48421
1,1,1,1,1,1,14,3,0.56152
1,1,1,1,2,1,17,3,0.52967
1,1,1,1,2,2,14,3,0.4923
1,1,2,1,1,2,11,3,0.71023
1,1,2,1,1,1,17,3,0.4437
1,1,2,1,2,1,15,3,0.4171
1,1,2,1,1,2,19,3,0.53159
0,1,2,0,2,2,0,1,0.56873
0,1,2,0,2,2,0,1,0.4112
1,1,2,1,2,2,21,3,0.50995
0,1,2,0,2,2,0,1,0.46997
1,1,2,1,2,1,11,3,0.38196
1,1,2,1,1,1,19,3,0.38722
1,1,2,1,2,1,18,3,0.4457
1,1,2,1,1,2,21,3,0.37636
0,1,2,0,2,2,0,1,0.50447
1,1,2,1,2,1,18,3,0.48035
0,1,2,0,2,2,0,1,0.45109
1,1,2,1,1,1,12,3,0.53637
0,1,2,0,1,1,0,1,0.48036
1,1,2,1,1,2,14,3,0.51764
1,1,2,1,2,2,13,3,0.46964
1,1,2,1,1,1,16,3,0.41067
1,1,2,1,2,2,15,3,0.42378
0,1,2,0,2,1,0,1,0.42923
1,1,2,1,2,1,20,3,0.54404
1,1,2,1,1,2,13,3,0.48249
0,1,2,0,1,1,0,1,0.49072
1,1,2,1,1,1,12,3,0.55163
0,1,2,0,1,1,0,1,0.50369
1,1,2,1,1,2,20,3,0.48764
1,1,2,1,1,1,13,3,0.40246
1,1,2,1,1,2,11,3,0.36482
1,1,2,1,2,2,12,3,0.41556
1,1,2,1,1,2,15,3,0.99942
1,1,2,1,2,1,12,3,0.39138
1,1,2,1,2,1,19,3,0.35683
1,1,2,1,2,1,12,3,0.41557
1,1,2,1,1,2,21,3,0.43419
1,1,2,1,2,1,17,3,0.30592
0,1,2,0,1,2,0,1,0.55133
1,1,2,1,1,2,19,3,0.6124
1,1,2,1,1,2,21,3,0.62314
1,1,1,1,1,2,11,3,0.52165
1,1,1,1,2,2,16,3,0.63102
1,1,1,1,1,1,13,3,0.37493
0,1,1,0,2,2,0,3,0.50812
0,1,1,0,1,1,0,1,0.39056
1,1,1,1,1,1,17,3,0.48409
0,1,1,0,1,1,0,1,0.46511
1,1,1,1,1,2,10,3,0.38002
1,1,1,1,1,1,18,3,0.39587
1,1,1,1,2,1,13,3,0.47307
0,1,1,0,2,1,0,1,1.1933
0,1,1,0,2,1,0,1,0.49437
0,1,1,0,1,1,0,1,0.31306
1,1,1,1,2,1,20,3,0.42778
0,1,1,0,1,2,0,1,0.45148
0,1,1,0,2,1,0,1,0.40357
1,1,1,1,1,2,19,3,0.47034
0,1,1,0,1,2,0,1,0.56085
1,1,1,1,1,1,21,3,0.45161
1,1,1,1,1,1,14,3,0.53415
1,1,1,1,2,2,15,3,0.42751
0,1,1,0,2,1,0,1,0.38184
1,1,1,1,1,1,13,3,0.4434
1,1,1,1,1,2,12,3,0.43772
1,1,1,1,1,2,13,3,0.4084
1,1,1,1,2,2,14,3,0.43495
0,1,1,0,2,1,0,1,0.41646
0,1,1,0,1,1,0,1,0.33649
1,1,1,1,1,2,15,3,0.42698
1,1,1,1,2,2,19,3,0.43745
1,1,1,1,2,1,18,3,0.37355
0,1,1,0,2,1,0,1,0.40547
1,1,1,1,2,2,14,3,0.42672
1,1,1,1,2,1,19,3,0.43485
1,1,1,1,2,2,20,3,0.33337
0,1,1,0,2,2,0,1,0.47185
1,1,1,1,2,2,19,3,0.4053
1,1,1,1,1,2,11,3,0.41306
1,1,1,1,1,1,21,3,0.40516
1,1,1,1,1,2,11,3,0.3759
0,1,2,0,2,1,0,1,0.68717
1,1,2,1,2,2,18,3,0.3354
1,1,2,1,2,2,17,3,0.32993
1,1,2,1,1,1,18,3,0.57243
1,1,2,1,1,1,10,3,0.36172
1,1,2,1,2,1,16,3,0.3512
0,1,2,0,1,2,0,1,0.66294
1,1,2,1,2,2,16,3,0.41247
1,1,2,1,1,2,15,3,0.33494
1,1,2,1,2,2,17,3,0.47359
0,1,2,0,1,1,0,1,0.42836
0,1,2,0,2,1,0,1,0.97197
1,1,2,1,1,1,12,3,0.44121
1,1,2,1,1,1,14,3,0.41201
1,1,2,1,1,1,15,3,0.27879
0,1,2,0,2,1,0,1,0.50005
1,1,2,1,1,2,17,3,0.50259
1,1,2,1,2,2,10,3,0.40675
1,1,2,1,1,2,17,3,0.33971
1,1,2,1,2,2,14,3,0.32371
1,1,2,1,1,2,11,3,0.37957
1,1,2,1,2,2,18,3,0.31853
1,1,2,1,2,1,11,3,0.35546
1,1,2,1,2,1,10,3,0.58771
1,1,2,1,2,1,14,3,0.33171
1,1,2,1,1,2,19,3,0.39803
1,1,2,1,2,1,17,3,0.37154
1,1,2,1,2,2,10,3,0.40335
1,1,2,1,1,2,18,3,0.36334
1,1,2,1,1,1,19,3,0.34473
1,1,2,1,1,2,12,3,0.37662
0,1,2,0,1,2,0,1,0.53412
1,1,2,1,2,1,10,3,0.51518
1,1,2,1,1,1,12,3,0.42459
0,1,2,0,1,1,0,1,0.51251
1,1,2,1,2,1,19,3,0.39258
1,1,2,1,2,2,16,1,0.60288
1,1,2,1,1,2,16,3,0.55234
1,1,2,1,2,1,19,3,0.33619
1,1,2,1,1,1,13,3,0.408
1,1,2,1,1,2,17,3,1.1968
1,1,2,1,1,1,14,3,0.39409
1,1,2,1,1,2,15,3,0.38084
0,1,2,0,1,2,0,1,0.48715
0,1,2,0,2,2,0,1,0.50327
0,1,2,0,1,1,0,1,0.57263
0,1,2,0,2,1,0,1,0.35937
1,1,2,1,1,1,19,3,0.42579
0,1,2,0,2,2,0,1,0.40419
1,1,2,1,2,1,12,3,0.42039
1,1,2,1,1,1,11,3,0.42028
0,1,2,0,2,1,0,1,0.49233
0,1,2,0,1,1,0,1,0.52958
0,1,2,0,2,2,0,1,0.43093
0,1,2,0,1,1,0,1,0.50834
1,1,2,1,1,1,11,3,0.4255
1,1,2,1,2,2,11,3,0.43331
1,1,2,1,2,2,18,3,0.36147
1,1,2,1,1,2,13,3,0.38544
0,1,2,0,1,1,0,1,0.45465
1,1,2,1,1,2,20,3,0.40671
0,1,2,0,2,1,0,1,0.43859
1,1,2,1,2,1,15,3,0.54504
1,1,2,1,1,2,21,3,0.37702
1,1,2,1,2,1,17,3,0.40366
1,1,2,1,2,1,16,3,0.2971
0,1,2,0,1,1,0,1,0.51282
1,1,2,1,1,1,18,3,0.76082
1,1,2,1,2,2,19,3,0.4169
1,1,2,1,1,1,17,3,0.45684
1,1,2,1,1,2,10,3,0.34187
1,1,2,1,2,1,14,3,0.36887
1,1,2,1,2,2,20,3,0.40083
0,1,2,0,2,2,0,1,0.61383
1,1,2,1,1,1,15,3,0.44869
1,1,2,1,2,2,19,3,0.42968
1,1,2,1,1,1,14,3,0.41904
0,1,2,0,1,2,0,1,0.52556
1,1,2,1,1,1,18,3,0.58429
1,1,2,1,2,1,15,3,0.39784
1,1,1,1,2,2,13,3,0.55719
1,1,1,1,1,2,12,3,0.47978
1,1,1,1,2,2,14,3,0.44786
1,1,1,1,1,2,17,3,0.4664
1,1,1,1,1,2,19,3,0.38357
1,1,1,1,1,1,13,3,0.40735
1,1,1,1,1,1,12,3,0.32464
0,1,1,0,2,1,0,1,0.43429
1,1,1,1,2,1,15,3,0.43674
1,1,1,1,1,2,13,3,0.40744
0,1,1,0,1,2,0,1,0.48738
1,1,1,1,1,1,16,3,0.59403
1,1,1,1,2,1,13,3,0.54842
0,1,1,0,2,1,0,1,0.4499
1,1,1,1,1,2,18,3,0.40963
0,1,1,0,2,2,0,1,0.42048
1,1,1,1,2,1,16,3,0.53494
1,1,1,1,2,1,13,3,0.35369
1,1,1,1,1,2,11,3,0.30563
0,1,1,0,1,2,0,3,0.43628
1,1,1,1,1,1,20,3,0.42289
1,1,1,1,1,1,15,3,0.39624
1,1,1,1,1,2,17,3,0.4068
1,1,1,1,1,2,18,3,0.41216
1,1,1,1,2,1,11,3,0.43578
1,1,1,1,1,2,20,3,0.39597
1,1,1,1,1,2,17,3,0.37717
1,1,1,1,1,1,17,3,0.35047
1,1,1,1,2,1,16,3,0.80117
1,1,1,1,2,1,12,3,0.40897
1,1,1,1,1,2,18,3,0.31553
1,1,1,1,1,2,12,3,0.36385
1,1,1,1,2,1,10,3,0.30503
1,1,1,1,1,1,14,3,0.36107
1,1,1,1,1,1,19,3,0.35267
1,1,1,1,2,1,20,3,0.45414
0,1,1,0,1,1,0,1,0.73696
1,1,1,1,2,2,20,3,0.38747
1,1,1,1,2,1,15,3,0.40583
1,1,1,1,2,1,17,3,0.5448
