0,1,1,0,2,1,0,1,1.1585
1,1,1,1,2,2,10,3,1.3984
1,1,1,1,2,2,20,3,0.5986
1,1,1,1,2,1,15,3,0.51328
0,1,1,0,1,2,0,1,0.58504
1,1,1,1,2,1,21,3,0.53428
1,1,1,1,1,1,21,3,0.58251
1,1,1,1,1,1,20,3,0.52087
1,1,1,1,2,2,12,3,0.5023
1,1,1,1,2,1,10,3,0.45156
0,1,1,0,1,2,0,1,0.56595
1,1,1,1,2,2,12,3,0.62755
0,1,1,0,1,2,0,1,0.55253
1,1,1,1,1,1,13,3,0.52619
0,1,1,0,1,2,0,1,0.46747
1,1,1,1,1,2,14,3,0.68586
1,1,1,1,1,2,21,3,0.40068
1,1,1,1,2,2,10,3,0.4191
1,1,1,1,1,2,17,3,0.62452
1,1,1,1,1,2,14,3,0.40049
0,1,1,0,1,1,0,1,0.50431
1,1,1,1,1,2,10,3,0.44821
0,1,1,0,1,1,0,1,0.64307
1,1,1,1,1,2,16,3,0.48274
1,1,1,1,1,2,21,3,0.38148
1,1,1,1,1,2,10,3,0.36552
1,1,1,1,2,2,19,3,0.37341
1,1,1,1,1,1,16,3,0.38922
1,1,1,1,2,2,18,3,0.36468
1,1,1,1,2,2,12,3,0.4559
1,1,1,1,1,1,16,3,0.4051
0,1,1,0,2,2,0,1,0.3971
1,1,1,1,2,1,12,3,0.53559
1,1,1,1,1,1,12,3,0.45323
1,1,1,1,1,1,14,3,0.40782
1,1,1,1,2,2,17,1,0.67695
1,1,1,1,1,1,17,3,0.565
1,1,1,1,2,2,12,3,0.4556
0,1,1,0,1,1,0,1,0.58066
1,1,1,1,2,1,10,3,0.75147
1,1,1,1,2,1,21,3,0.37727
1,1,1,1,1,2,10,3,0.44394
1,1,1,1,1,1,14,3,0.45714
1,1,1,1,2,1,18,3,0.49978
1,1,1,1,2,2,18,3,0.47611
1,1,1,1,2,2,18,3,0.33432
0,1,1,0,2,2,0,1,0.48097
0,1,1,0,1,1,0,1,0.43313
1,1,1,1,2,2,18,3,0.70522
1,1,1,1,2,1,21,3,0.3584
0,1,1,0,2,2,0,1,0.48638
0,1,1,0,2,1,0,1,0.33692
1,1,1,1,2,2,19,3,0.4997
1,1,1,1,1,1,16,3,0.48331
1,1,1,1,2,2,21,3,0.41673
1,1,1,1,1,2,18,3,0.41692
1,1,1,1,2,2,18,3,0.4194
1,1,1,1,2,1,18,3,0.39005
1,1,1,1,1,1,17,3,0.43776
1,1,1,1,2,2,20,3,0.45635
1,1,1,1,1,2,19,3,0.43232
1,1,1,1,2,1,10,3,0.4511
1,1,1,1,2,2,19,3,0.44293
1,1,1,1,1,2,16,3,0.42187
1,1,1,1,2,2,17,3,0.35495
1,1,1,1,1,1,10,3,0.42442
1,1,1,1,2,1,11,3,0.37103
1,1,1,1,1,2,14,3,0.44035
1,1,1,1,2,2,10,3,0.44796
1,1,1,1,1,1,14,3,0.40282
1,1,1,1,2,1,20,3,0.35465
0,1,1,0,1,1,0,1,0.45871
1,1,1,1,2,2,15,3,0.53859
1,1,1,1,2,2,20,3,0.4157
1,1,1,1,2,2,16,3,0.44527
0,1,1,0,2,1,0,1,0.44237
1,1,1,1,1,1,12,3,0.45062
1,1,1,1,1,1,17,3,0.42889
1,1,1,1,1,1,21,3,0.38083
1,1,1,1,1,1,21,3,0.54882
1,1,2,1,2,1,17,3,0.92211
1,1,2,1,1,1,19,3,0.45526
1,1,2,1,2,2,13,3,0.41234
1,1,2,1,1,1,10,3,0.40707
1,1,2,1,2,2,18,3,0.42295
1,1,2,1,1,1,16,3,0.42031
1,1,2,1,1,2,15,3,0.40961
1,1,2,1,2,1,15,3,0.38036
0,1,2,0,2,2,0,1,0.63881
1,1,2,1,2,2,13,3,0.58817
1,1,2,1,2,1,11,3,0.45191
0,1,2,0,1,2,0,1,0.5293
0,1,2,0,2,1,0,1,0.4362
1,1,2,1,1,2,15,3,0.50512
1,1,2,1,2,2,13,3,0.47592
1,1,2,1,1,2,19,3,0.39862
0,1,2,0,2,1,0,1,0.68364
1,1,2,1,1,1,11,3,0.52403
0,1,2,0,2,1,0,1,0.43587
1,1,2,1,2,1,11,3,0.52099
0,1,2,0,2,2,0,1,0.41946
0,1,2,0,2,2,0,1,0.28084
1,1,2,1,2,1,15,3,0.47834
0,1,2,0,2,2,0,1,0.55283
1,1,2,1,2,1,16,3,0.50465
1,1,2,1,2,1,14,3,0.54487
1,1,2,1,2,2,11,3,0.64597
1,1,2,1,2,2,14,3,0.45654
1,1,2,1,1,2,15,3,0.41947
1,1,2,1,1,2,15,3,0.42438
0,1,2,0,2,1,0,1,0.51236
0,1,2,0,2,2,0,1,0.46978
1,1,2,1,1,2,16,3,0.49388
1,1,2,1,1,2,21,3,0.48056
0,1,2,0,2,2,0,1,0.50718
1,1,2,1,2,1,15,3,0.49611
1,1,2,1,1,2,10,3,0.42416
1,1,2,1,1,1,19,3,0.68293
1,1,2,1,1,1,12,3,0.46168
1,1,2,1,1,1,15,3,0.49081
1,1,2,1,1,2,14,3,0.496
0,1,2,0,1,2,0,3,0.35446
1,1,2,1,2,2,18,3,0.44514
0,1,2,0,2,1,0,1,0.45851
0,1,2,0,1,1,0,1,0.56752
1,1,2,1,1,2,14,3,0.50896
1,1,2,1,2,1,18,3,0.50073
1,1,2,1,2,1,11,3,0.42342
1,1,2,1,2,2,15,3,0.42872
1,1,2,1,1,2,17,3,0.40995
1,1,2,1,2,2,21,3,0.43944
1,1,2,1,1,1,21,3,0.40459
1,1,2,1,1,1,13,3,0.43386
1,1,2,1,1,1,13,3,0.43382
1,1,2,1,1,1,21,3,0.51895
1,1,2,1,1,1,15,3,0.46297
0,1,2,0,1,1,0,1,0.57501
1,1,2,1,2,1,14,3,0.50833
1,1,2,1,1,2,21,3,0.50821
0,1,2,0,1,1,0,1,0.487
0,1,2,0,2,1,0,1,0.42015
1,1,2,1,1,2,18,3,0.51879
0,1,2,0,1,2,0,1,0.56149
0,1,2,0,1,1,0,1,0.53193
1,1,2,1,2,2,11,3,0.44659
1,1,2,1,1,1,18,3,0.52939
0,1,2,0,2,2,0,1,0.56666
1,1,2,1,2,2,20,3,0.46531
1,1,2,1,1,2,15,3,0.60112
1,1,2,1,1,1,12,3,0.58238
1,1,2,1,1,2,13,3,0.50258
1,1,2,1,2,2,15,3,0.43304
1,1,2,1,1,2,11,3,0.52639
0,1,2,0,2,1,0,1,0.51042
0,1,2,0,1,1,0,1,0.48611
1,1,2,1,2,1,13,3,0.44366
1,1,2,1,2,1,14,3,0.51012
1,1,2,1,2,2,20,3,0.34994
1,1,2,1,1,2,16,3,0.44081
1,1,2,1,1,1,21,3,0.4407
1,1,2,1,2,1,16,3,0.45658
0,1,2,0,1,1,0,1,0.5365
0,1,2,0,1,1,0,1,0.43508
1,1,2,1,1,1,20,3,0.47234
1,1,2,1,2,1,11,3,0.70953
1,1,2,1,2,1,14,3,0.50415
0,1,2,0,2,2,0,1,0.5228
0,1,2,0,1,1,0,3,0.73885
1,1,2,1,2,1,14,3,0.40006
1,1,2,1,2,2,10,1,0.51198
1,1,2,1,1,1,15,3,0.61336
1,1,2,1,2,1,18,3,0.69844
0,1,2,0,2,2,0,1,0.5386
0,1,2,0,1,1,0,1,0.48773
1,1,2,1,2,1,13,3,0.54907
1,1,2,1,2,2,10,3,0.60512
0,1,2,0,2,2,0,1,0.7572
1,1,2,1,1,2,11,3,0.67428
1,1,2,1,2,1,21,3,0.55699
1,1,2,1,2,1,11,3,0.45807
0,1,2,0,2,1,0,1,0.46881
1,1,2,1,1,2,21,3,0.55435
1,1,2,1,1,1,17,3,0.72468
1,1,2,1,1,2,15,3,0.45523
0,1,2,0,1,1,0,1,0.53258
0,1,2,0,1,1,0,1,0.69243
1,1,2,1,2,2,17,3,0.59941
0,1,2,0,2,2,0,1,0.49512
1,1,2,1,1,2,19,3,0.49749
0,1,2,0,1,1,0,1,0.50311
1,1,2,1,1,2,10,3,0.50563
1,1,2,1,2,1,10,3,0.61493
1,1,2,1,2,1,21,3,0.639
1,1,2,1,2,1,14,3,0.55088
1,1,2,1,2,1,17,3,0.46553
0,1,2,0,2,1,0,1,0.49765
0,1,2,0,2,1,0,1,0.6573
0,1,2,0,1,1,0,1,0.48672
1,1,2,1,2,2,12,3,0.74266
1,1,2,1,1,2,18,3,0.46806
1,1,1,1,1,2,10,3,0.88372
0,1,1,0,1,1,0,1,0.65958
1,1,1,1,1,2,17,3,0.4729
0,1,1,0,1,2,0,1,0.36874
1,1,1,1,1,1,10,3,0.3449
0,1,1,0,2,2,0,1,0.36368
1,1,1,1,1,1,11,3,0.34751
1,1,1,1,1,1,16,3,0.67548
1,1,1,1,1,1,17,3,0.37116
0,1,1,0,1,2,0,1,0.54986
1,1,1,1,2,1,13,3,0.46715
1,1,1,1,2,2,18,3,0.44333
0,1,1,0,2,1,0,1,0.48067
1,1,1,1,2,2,14,3,0.60848
1,1,1,1,2,1,18,3,0.35523
1,1,1,1,1,1,15,3,0.35503
1,1,1,1,1,1,13,3,0.40036
1,1,1,1,2,2,10,3,0.39495
1,1,1,1,2,2,11,3,0.30424
1,1,1,1,2,2,15,3,0.47239
1,1,1,1,2,2,19,3,0.34949
0,1,1,0,2,1,0,1,0.58157
1,1,1,1,2,1,13,3,0.50118
1,1,1,1,2,2,12,3,0.32529
1,1,1,1,2,2,16,3,0.45076
1,1,1,1,1,2,11,3,0.71171
1,1,1,1,1,1,20,3,0.41335
0,1,1,0,2,1,0,1,0.47465
1,1,1,1,2,2,12,3,0.42105
1,1,1,1,1,2,17,3,0.47723
1,1,1,1,1,2,16,3,0.46097
1,1,1,1,2,1,13,3,0.30909
1,1,1,1,2,2,17,3,0.35425
1,1,1,1,1,2,12,3,0.32501
1,1,1,1,1,2,12,3,0.36505
0,1,1,0,2,1,0,1,0.53818
1,1,1,1,2,1,20,3,0.52755
1,1,1,1,1,1,12,3,0.39677
1,1,1,1,2,1,12,3,0.43127
1,1,1,1,2,1,21,3,0.37772
0,1,2,0,1,2,0,1,0.75903
1,1,2,1,1,2,11,3,0.58547
1,1,2,1,1,1,21,3,0.44983
0,1,2,0,2,2,0,1,0.47908
0,1,2,0,1,1,0,1,0.35634
1,1,2,1,2,1,20,3,0.39611
0,1,2,0,2,2,0,1,0.4654
1,1,2,1,1,2,17,3,0.52144
1,1,2,1,1,2,12,3,0.45466
0,1,2,0,1,2,0,1,0.5881
1,1,2,1,2,1,19,3,0.85709
1,1,2,1,1,1,19,3,0.39339
1,1,2,1,1,2,14,3,0.47858
0,1,2,0,2,2,0,1,0.45958
1,1,2,1,2,1,14,3,0.51317
1,1,2,1,2,2,19,3,0.44619
1,1,2,1,1,1,10,3,0.6064
0,1,2,0,1,1,0,1,0.64109
1,1,2,1,2,2,21,3,0.53683
1,1,2,1,1,1,12,3,0.44597
1,1,2,1,2,1,14,3,0.50219
1,1,2,1,1,2,19,3,0.44061
1,1,2,1,2,1,16,3,0.45155
1,1,2,1,1,1,12,3,0.56877
1,1,2,1,2,1,19,3,0.44611
0,1,2,0,1,1,0,1,0.70433
1,1,2,1,2,2,20,3,0.598
0,1,2,0,1,2,0,1,0.62439
1,1,2,1,2,2,21,3,0.46443
1,1,2,1,1,1,21,3,0.34968
1,1,2,1,1,1,10,3,0.52301
0,1,2,0,2,2,0,1,0.63777
1,1,2,1,1,2,15,3,0.5254
1,1,2,1,2,1,20,3,0.47499
1,1,2,1,1,2,13,3,0.46658
1,1,2,1,1,2,10,3,0.35492
1,1,2,1,1,1,21,3,0.40268
0,1,2,0,2,1,0,1,0.51202
0,1,2,0,2,2,0,3,0.5118
1,1,2,1,2,2,16,3,0.49874
1,1,2,1,1,1,20,3,0.42638
1,1,2,1,1,2,16,3,0.36249
1,1,2,1,1,1,17,3,0.41276
0,1,2,0,1,1,0,1,0.49303
1,1,2,1,2,1,15,3,0.48476
1,1,2,1,2,1,16,3,0.45004
1,1,2,1,2,2,12,3,0.42873
1,1,2,1,2,2,19,3,0.33022
1,1,2,1,1,2,14,3,0.39943
0,1,2,0,2,1,0,1,0.74857
1,1,2,1,2,2,15,3,0.5246
0,1,2,0,2,2,0,1,0.49798
1,1,2,1,1,2,14,3,0.52432
1,1,2,1,2,2,15,3,0.37772
1,1,2,1,2,1,11,3,0.42048
1,1,2,1,2,2,15,3,0.39614
1,1,2,1,1,1,11,3,0.39891
0,1,2,0,1,2,0,1,0.36706
1,1,2,1,2,1,15,3,0.60428
1,1,2,1,2,2,10,3,0.32686
0,1,2,0,1,2,0,1,0.43064
1,1,2,1,2,2,11,3,0.42276
1,1,2,1,2,2,17,3,0.54813
1,1,2,1,1,1,10,3,0.5215
1,1,2,1,1,2,11,3,0.35578
0,1,2,0,1,1,0,1,0.40672
1,1,2,1,2,2,13,3,0.45989
1,1,2,1,2,2,14,3,0.50231
0,1,2,0,1,2,0,1,0.53165
1,1,2,1,1,1,16,3,0.48123
0,1,2,0,2,2,0,1,0.43028
1,1,2,1,2,2,14,3,0.5529
0,1,2,0,1,1,0,1,0.61685
1,1,2,1,1,2,16,3,0.44623
1,1,2,1,2,1,21,3,0.44899
1,1,2,1,2,2,10,3,0.41416
0,1,2,0,2,2,0,1,0.45148
1,1,2,1,1,1,19,3,0.47781
1,1,2,1,1,2,18,3,0.4035
1,1,2,1,2,2,18,3,0.40603
1,1,1,1,1,1,21,3,0.52034
1,1,1,1,1,2,21,3,0.3789
1,1,1,1,1,2,21,3,0.56049
1,1,1,1,2,2,15,3,0.36843
1,1,1,1,2,1,19,3,0.38435
1,1,1,1,2,2,21,3,0.34945
1,1,1,1,1,1,12,3,0.43226
1,1,1,1,1,2,18,3,0.7519
0,1,1,0,1,1,0,1,0.69083
1,1,1,1,2,1,14,3,0.81066
1,1,1,1,2,2,16,3,0.34111
1,1,1,1,2,1,19,3,0.33334
1,1,1,1,2,2,17,3,0.31724
1,1,1,1,2,1,19,3,0.31981
1,1,1,1,1,1,18,3,0.45317
0,1,1,0,2,1,0,1,0.47166
0,1,1,0,1,1,0,1,0.28766
1,1,1,1,1,2,17,3,0.42368
1,1,1,1,2,1,12,3,0.43449
1,1,1,1,1,1,11,3,0.30642
1,1,1,1,2,1,14,3,0.35708
1,1,1,1,1,2,10,3,0.31148
1,1,1,1,1,2,17,3,0.3835
1,1,1,1,2,2,10,3,0.33541
0,1,1,0,1,1,0,1,0.47146
1,1,1,1,2,2,16,3,0.40219
0,1,1,0,1,2,0,1,0.50045
1,1,1,1,1,2,18,3,0.44986
1,1,1,1,1,1,12,3,0.36179
1,1,1,1,1,2,16,3,0.41239
0,1,1,0,2,2,0,1,0.84423
0,1,1,0,1,1,0,1,0.98575
1,1,1,1,2,2,12,3,0.44945
1,1,1,1,2,2,21,3,0.3671
1,1,1,1,2,2,12,3,0.48174
0,1,1,0,1,1,0,1,0.64963
1,1,1,1,1,2,18,3,0.69998
1,1,1,1,2,1,17,3,0.4308
1,1,1,1,2,1,11,3,0.32686
1,1,1,1,2,2,20,3,0.57444
0,1,1,0,1,2,0,1,0.65701
1,1,1,1,1,2,15,3,0.65965
1,1,1,1,1,1,21,3,0.53156
1,1,1,1,1,1,10,3,0.57715
0,1,1,0,1,1,0,1,0.44623
0,1,1,0,2,1,0,1,0.31296
1,1,1,1,2,2,16,3,0.41438
1,1,1,1,1,2,18,3,0.46748
1,1,1,1,2,1,16,3,0.3929
1,1,1,1,2,1,15,1,0.36061
1,1,1,1,2,1,12,3,0.34191
1,1,1,1,1,2,20,3,0.6246
0,1,1,0,2,1,0,1,0.61661
1,1,1,1,2,2,15,3,0.46707
0,1,1,0,2,2,0,1,0.63244
0,1,1,0,1,1,0,1,0.63761
1,1,1,1,2,2,17,3,0.4778
1,1,1,1,2,1,10,3,0.3285
1,1,1,1,2,1,12,3,0.30947
0,1,1,0,1,2,0,1,0.40271
1,1,1,1,1,2,16,3,0.48269
1,1,1,1,2,2,12,3,0.41077
1,1,1,1,1,2,14,3,0.30142
1,1,1,1,2,2,14,3,0.34137
1,1,1,1,1,2,18,3,0.36791
1,1,1,1,2,2,15,3,0.40546
1,1,1,1,1,1,13,3,0.45061
1,1,1,1,1,2,19,3,0.328
1,1,1,1,1,1,21,3,0.31709
1,1,1,1,2,1,21,3,0.21589
0,1,1,0,1,1,0,1,0.42657
1,1,1,1,2,1,18,3,0.5305
1,1,1,1,2,1,12,3,0.38351
1,1,1,1,1,2,21,3,0.33017
1,1,1,1,2,1,14,3,0.32225
1,1,1,1,1,1,11,3,0.35953
1,1,1,1,2,1,11,3,0.30623
0,1,1,0,2,1,0,1,0.47951
1,1,1,1,2,2,18,3,0.4341
0,1,1,0,1,1,0,1,0.68482
1,3,1,1,1,2,12,3,0.50838
1,3,1,1,2,2,15,3,0.34309
1,3,1,1,2,1,18,3,0.38292
0,3,1,0,2,2,0,1,0.43388
0,3,1,0,1,1,0,1,0.41782
1,3,1,1,1,2,11,3,0.43367
1,3,1,1,2,2,13,3,0.42029
1,3,1,1,1,1,20,3,0.32418
0,3,1,0,2,1,0,3,0.47619
0,3,1,0,2,2,0,1,0.47358
0,3,1,0,1,1,0,1,0.36408
0,3,1,0,1,2,0,1,0.43337
0,3,1,0,2,2,0,1,0.33989
0,3,1,0,1,1,0,1,0.27882
0,3,1,0,2,1,0,1,0.34248
0,3,1,0,1,1,0,1,0.27035
0,3,1,0,2,2,0,1,0.32391
0,3,1,0,1,1,0,1,0.35054
0,3,1,0,2,2,0,1,0.37457
1,3,1,1,1,2,13,3,0.5076
1,3,1,1,1,2,18,3,0.35826
0,3,1,0,1,1,0,1,0.44343
0,3,1,0,2,1,0,1,0.49973
0,3,1,0,1,2,0,1,0.35794
1,3,1,1,2,2,10,3,0.44866
0,3,1,0,1,2,0,1,0.72591
0,3,1,0,2,2,0,1,0.43264
0,3,1,0,2,2,0,1,0.38995
1,3,1,1,1,2,13,3,0.65919
1,3,1,1,2,2,14,3,0.45635
1,3,1,1,2,2,10,3,0.40849
0,3,1,0,1,1,0,1,0.41098
0,3,1,0,1,2,0,1,0.51497
0,3,1,0,1,1,0,1,0.40557
0,3,1,0,2,1,0,1,0.27239
0,3,1,0,1,1,0,1,0.31766
1,3,1,1,2,2,19,3,0.52829
1,3,1,1,1,1,12,3,0.42146
1,3,1,1,1,1,16,3,0.4776
1,3,1,1,2,2,21,3,0.37065
1,3,1,1,2,1,15,3,0.70083
1,3,1,1,2,2,17,3,0.50612
1,3,1,1,2,2,20,3,0.29519
0,3,1,0,1,2,0,1,0.50565
0,3,1,0,1,2,0,1,0.28439
1,3,1,1,2,1,21,3,0.44158
0,3,1,0,2,1,0,1,0.7112
0,3,1,0,2,2,0,1,0.43643
0,3,1,0,2,1,0,1,0.28947
1,3,1,1,1,1,10,3,0.34824
0,3,1,0,1,1,0,1,0.51362
0,3,1,0,2,1,0,1,0.32141
0,3,1,0,2,1,0,1,0.31075
1,3,1,1,1,2,11,3,0.40391
1,3,1,1,2,2,13,3,0.44144
1,3,1,1,1,2,18,3,0.4865
1,3,1,1,1,2,10,3,0.29987
0,3,1,0,1,2,0,1,0.57205
1,3,1,1,2,1,11,3,0.38535
0,3,1,0,1,1,0,1,0.41432
1,3,1,1,1,1,17,3,0.42765
1,3,1,1,2,1,13,3,0.41154
0,3,1,0,1,2,0,3,0.37716
1,3,1,1,1,2,17,3,0.3637
0,3,1,0,1,2,0,1,0.52638
0,3,1,0,1,1,0,1,0.28626
0,3,1,0,1,1,0,1,0.53134
1,3,1,1,1,2,17,3,0.6063
0,3,1,0,2,1,0,3,0.34461
0,3,1,0,2,1,0,1,0.68874
1,3,1,1,2,2,13,3,0.49678
0,3,1,0,1,2,0,1,0.67781
1,3,1,1,2,1,19,3,0.50457
0,3,1,0,2,1,0,1,0.40049
1,3,1,1,2,1,16,3,0.45903
0,3,1,0,2,2,0,1,0.34156
1,3,1,1,1,1,10,3,0.37382
1,3,1,1,2,1,11,3,0.44283
1,3,1,1,1,2,16,3,0.5068
1,3,1,1,1,2,20,3,0.48805
1,3,2,1,2,1,13,3,1.0093
1,3,2,1,1,1,15,3,0.44674
0,3,2,0,1,2,0,1,0.47592
1,3,2,1,2,1,15,3,0.41492
1,3,2,1,2,2,10,3,0.3455
0,3,2,0,1,2,0,1,0.42814
1,3,2,1,1,2,21,3,0.41716
1,3,2,1,2,1,15,3,0.5584
0,3,2,0,1,2,0,1,0.56651
1,3,2,1,1,2,12,3,0.43296
0,3,2,0,1,2,0,1,0.4598
0,3,2,0,1,1,0,1,0.48649
0,3,2,0,2,1,0,1,0.54747
0,3,2,0,2,2,0,1,0.42232
1,3,2,1,2,2,17,3,0.49135
0,3,2,0,1,2,0,1,0.57952
1,3,2,1,2,2,17,3,0.49662
0,3,2,0,2,1,0,1,0.66472
1,3,2,1,2,2,20,3,0.54986
0,3,2,0,1,1,0,1,0.45666
1,3,2,1,1,2,14,3,0.54443
0,3,2,0,1,1,0,1,0.69107
0,3,2,0,2,1,0,1,0.49395
0,3,2,0,2,1,0,1,0.37643
0,3,2,0,1,2,0,1,0.56584
0,3,2,0,1,2,0,1,0.55772
0,3,2,0,1,2,0,1,0.29355
1,3,2,1,1,1,19,3,0.73626
1,3,2,1,2,2,21,3,0.38152
1,3,2,1,1,1,20,3,0.4667
1,3,2,1,2,2,14,3,0.50681
0,3,2,0,1,2,0,1,0.51224
0,3,2,0,2,1,0,1,0.41881
1,3,2,1,1,1,15,3,0.45883
1,3,2,1,1,1,21,3,0.53868
0,3,2,0,1,2,0,1,0.52798
0,3,2,0,1,2,0,1,0.48234
0,3,2,0,2,1,0,1,0.40764
0,3,2,0,2,2,0,1,0.42628
1,3,2,1,2,1,14,3,0.48788
1,3,2,1,1,1,19,3,0.42329
1,3,2,1,1,1,18,3,0.29779
1,3,2,1,1,1,14,3,0.54599
1,3,2,1,2,2,20,3,0.40206
1,3,2,1,2,1,18,3,0.4097
1,3,2,1,1,2,18,3,0.3779
0,3,2,0,2,2,0,1,0.52175
0,3,2,0,2,1,0,1,0.4072
0,3,2,0,2,1,0,1,0.31111
0,3,2,0,2,1,0,1,0.39363
0,3,2,0,2,2,0,1,0.3964
0,3,2,0,1,2,0,1,0.35371
1,3,2,1,1,1,11,3,0.35346
0,3,2,0,2,2,0,1,0.2973
1,3,2,1,2,2,20,3,0.32418
1,3,2,1,1,1,14,1,0.32681
1,3,2,1,2,1,10,3,0.38264
1,3,2,1,2,1,20,3,0.4148
0,3,2,0,1,1,0,1,0.74784
1,3,2,1,2,2,18,3,0.54
0,3,2,0,1,1,0,1,0.49719
1,3,2,1,1,2,20,3,0.49461
0,3,2,0,1,2,0,1,0.67062
1,3,2,1,2,1,12,3,0.72117
0,3,2,0,2,1,0,1,0.51304
0,3,2,0,2,2,0,1,0.47806
0,3,2,0,1,2,0,1,0.37403
1,3,2,1,1,1,16,3,0.89694
1,3,2,1,2,2,12,3,0.57423
0,3,2,0,1,1,0,1,0.91807
1,3,2,1,2,2,14,3,0.82473
0,3,2,0,1,2,0,1,0.55521
1,3,2,1,2,2,17,3,0.46441
0,3,2,0,2,2,0,1,0.83509
1,3,2,1,1,1,12,3,0.50973
1,3,2,1,2,1,17,3,0.56582
0,3,2,0,1,1,0,1,0.56567
1,3,2,1,2,1,12,3,0.6858
1,3,2,1,2,2,11,3,0.37094
1,3,2,1,1,1,15,3,0.43736
1,3,2,1,2,1,20,3,0.47464
0,3,2,0,1,2,0,3,0.2615
1,3,2,1,2,1,16,3,0.37328
0,3,2,0,1,2,0,3,0.4425
0,3,2,0,1,1,0,1,0.42126
1,3,2,1,2,1,14,3,0.48533
1,3,2,1,2,1,20,3,0.52257
0,3,2,0,2,1,0,1,0.6558
1,3,2,1,1,1,20,3,0.45281
0,3,2,0,1,1,0,1,0.41276
0,3,2,0,2,1,0,1,0.40208
0,3,2,0,2,2,0,1,0.45011
1,3,2,1,2,1,18,3,0.46073
0,3,2,0,2,1,0,1,0.43962
0,3,2,0,2,2,0,1,0.33026
0,3,2,0,1,1,0,1,0.31411
0,3,2,0,1,1,0,1,0.3378
1,3,2,1,1,1,18,3,0.41537
1,3,2,1,1,2,21,3,0.45785
0,3,2,0,1,1,0,1,0.4659
1,3,2,1,1,1,18,3,0.44189
1,3,2,1,2,2,16,3,0.55115
0,3,2,0,1,2,0,1,0.49485
0,3,2,0,1,2,0,1,0.71113
1,3,2,1,1,1,15,3,0.62837
0,3,2,0,2,2,0,1,0.52442
1,3,2,1,2,2,18,3,0.47361
0,3,2,0,1,2,0,1,0.46031
1,3,2,1,1,2,10,3,0.47324
0,3,2,0,1,1,0,1,0.43077
1,3,2,1,1,1,16,3,0.51342
1,3,2,1,2,1,19,3,0.55875
1,3,2,1,2,1,19,3,0.43038
0,3,2,0,2,1,0,1,0.43597
1,3,2,1,2,2,13,3,0.46529
1,3,2,1,2,1,16,3,0.50795
0,3,2,0,2,1,0,1,0.9425
1,3,2,1,2,1,11,3,0.51575
1,3,2,1,2,1,14,3,0.53426
0,3,2,0,2,2,0,1,0.46502
1,3,2,1,2,1,16,3,0.60345
0,3,2,0,2,2,0,1,0.79251
0,3,2,0,1,1,0,1,0.41125
1,3,2,1,1,2,15,3,0.4645
0,3,2,0,1,1,0,1,0.55246
0,3,2,0,1,2,0,1,0.37657
1,3,2,1,2,1,11,3,0.75786
0,3,2,0,2,2,0,1,0.4697
0,3,2,0,1,2,0,1,0.3149
0,3,2,0,1,2,0,1,0.46406
0,3,2,0,1,1,0,1,0.62684
1,3,2,1,1,1,12,3,0.48301
0,3,2,0,2,1,0,1,0.52801
0,3,2,0,1,2,0,1,0.37336
0,3,2,0,1,1,0,1,0.30147
0,3,2,0,1,1,0,1,0.38123
0,3,2,0,1,1,0,1,0.35724
1,3,2,1,2,2,16,3,0.49603
1,3,2,1,1,1,12,3,0.50402
1,3,2,1,2,1,16,3,0.45844
1,3,2,1,2,1,17,3,0.53292
1,3,2,1,1,2,21,3,0.35985
1,3,2,1,1,2,10,3,0.36483
1,3,2,1,2,2,19,3,0.75166
1,3,2,1,1,2,12,3,0.63146
1,3,2,1,1,2,20,3,0.36477
0,3,2,0,1,2,0,1,0.55932
1,3,2,1,2,2,15,3,0.44221
1,3,2,1,2,2,12,3,0.34067
0,3,2,0,2,1,0,1,0.50072
0,3,2,0,2,2,0,1,0.42055
0,3,2,0,2,1,0,1,0.43938
1,3,2,1,2,1,12,3,0.46036
0,3,2,0,2,2,0,1,0.79388
1,3,2,1,2,1,21,3,0.4231
0,3,2,0,1,2,0,1,0.47649
1,3,2,1,1,1,11,3,0.4471
1,3,2,1,2,2,15,3,0.51075
1,3,2,1,1,1,18,3,0.42832
1,3,2,1,2,2,12,3,0.40402
0,3,1,0,2,2,0,1,0.91008
1,3,1,1,1,2,10,1,0.26997
0,3,1,0,2,2,0,1,0.47769
0,3,1,0,1,2,0,1,0.42432
1,3,1,1,2,2,14,3,0.41099
1,3,1,1,1,2,14,3,0.53655
0,3,1,0,2,1,0,1,0.39222
0,3,1,0,1,1,0,1,0.5575
0,3,1,0,2,2,0,1,0.36838
1,3,1,1,1,2,16,3,0.45614
1,3,1,1,1,1,17,3,0.3841
1,3,1,1,2,2,16,3,0.74655
1,3,1,1,2,2,10,3,0.52003
1,3,1,1,1,2,18,3,0.50939
0,3,1,0,1,2,0,1,0.44772
0,3,1,0,2,1,0,1,0.47463
1,3,1,1,1,1,15,3,0.54657
1,3,1,1,2,2,20,3,0.51979
0,3,1,0,1,1,0,1,0.86389
0,3,1,0,1,1,0,1,0.30114
0,3,1,0,1,2,0,1,0.33012
0,3,1,0,1,2,0,1,0.43682
0,3,1,0,2,1,0,1,0.47946
0,3,1,0,1,1,0,1,0.35145
0,3,1,0,1,1,0,1,0.49831
1,3,1,1,2,2,12,3,0.42613
1,3,1,1,1,2,12,3,0.522
1,3,1,1,2,2,20,3,0.4394
0,3,1,0,1,2,0,1,0.48985
0,3,1,0,1,2,0,1,0.39394
0,3,1,0,1,1,0,1,0.41238
1,3,1,1,2,1,20,3,0.48991
0,3,1,0,1,1,0,1,0.60183
1,3,1,1,1,1,10,3,0.46054
1,3,1,1,1,1,18,3,0.44437
0,3,1,0,1,1,0,1,0.46808
0,3,1,0,2,2,0,1,0.32173
1,3,1,1,1,2,12,3,0.43903
0,3,1,0,1,1,0,1,0.44391
0,3,1,0,1,1,0,1,0.48161
1,3,2,1,1,2,13,3,0.55497
0,3,2,0,2,2,0,1,0.62145
0,3,2,0,2,2,0,1,0.34161
0,3,2,0,1,1,0,1,0.48559
0,3,2,0,2,1,0,1,0.78427
0,3,2,0,2,1,0,1,0.41618
0,3,2,0,2,1,0,1,0.81879
0,3,2,0,1,2,0,1,0.60284
1,3,2,1,1,2,11,3,0.43718
0,3,2,0,2,2,0,1,0.50113
1,3,2,1,1,1,14,3,0.5278
1,3,2,1,2,1,14,3,0.38642
0,3,2,0,2,2,0,1,0.73582
0,3,2,0,2,2,0,1,0.38386
1,3,2,1,2,2,14,3,0.43957
0,3,2,0,1,2,0,1,0.42635
1,3,2,1,1,1,18,3,0.47427
1,3,2,1,1,2,11,3,0.39975
0,3,2,0,2,2,0,3,0.47408
1,3,2,1,1,1,19,3,0.39425
0,3,2,0,1,1,0,1,0.43416
0,3,2,0,1,1,0,1,0.58072
1,3,2,1,2,1,14,3,0.55396
0,3,2,0,1,2,0,1,0.63935
0,3,2,0,2,2,0,1,0.43929
1,3,2,1,2,1,10,3,0.47098
1,3,2,1,2,2,19,3,0.44983
1,3,2,1,1,2,18,3,0.4179
1,3,2,1,2,2,16,3,0.44992
0,3,2,0,1,2,0,1,0.52682
1,3,2,1,2,2,11,3,0.60424
1,3,2,1,1,1,20,3,0.43642
1,3,2,1,1,1,13,3,0.46824
1,3,2,1,2,1,13,3,0.44169
0,3,2,0,2,2,0,1,0.49195
0,3,2,0,2,1,0,1,0.40402
1,3,2,1,2,1,17,3,0.50543
1,3,2,1,2,1,21,3,0.67072
0,3,2,0,1,2,0,1,0.49472
0,3,2,0,1,1,0,3,0.49708
0,3,1,0,1,1,0,1,0.75225
0,3,1,0,2,1,0,1,0.4375
0,3,1,0,2,2,0,1,0.50955
0,3,1,0,1,2,0,1,0.40014
1,3,1,1,1,1,14,3,0.50679
1,3,1,1,2,2,16,3,0.53066
0,3,1,0,1,1,0,1,0.5199
1,3,1,1,1,1,13,3,0.81617
0,3,1,0,2,2,0,1,0.59976
0,3,1,0,2,2,0,1,0.49065
1,3,1,1,2,1,20,3,0.47433
0,3,1,0,2,1,0,1,0.64521
0,3,1,0,1,2,0,1,0.37052
1,3,1,1,2,1,11,3,0.41054
0,3,1,0,1,1,0,1,0.47157
0,3,1,0,2,2,0,1,0.51171
1,3,1,1,1,1,20,3,0.46365
0,3,1,0,2,1,0,1,0.85566
1,3,1,1,1,2,19,3,0.48476
1,3,1,1,2,2,21,3,0.41546
0,3,1,0,2,2,0,1,0.46054
1,3,1,1,2,2,21,3,0.41783
1,3,1,1,1,1,19,3,0.84997
1,3,1,1,2,1,19,3,0.47641
1,3,1,1,1,1,18,3,0.40994
0,3,1,0,2,1,0,1,0.82563
1,3,1,1,2,1,21,3,0.40992
1,3,1,1,1,2,17,3,0.50283
1,3,1,1,1,2,20,3,0.40426
1,3,1,1,1,1,15,3,0.38826
1,3,1,1,2,1,21,3,0.34554
0,3,1,0,1,1,0,1,0.51356
1,3,1,1,2,2,17,3,0.49761
1,3,1,1,2,1,20,3,0.44402
1,3,1,1,2,1,12,3,0.46537
1,3,1,1,2,1,11,3,0.40675
1,3,1,1,2,2,15,3,0.39869
0,3,1,0,1,1,0,1,0.47594
1,3,1,1,1,2,18,3,0.47604
0,3,1,0,2,2,0,1,0.44122
1,3,1,1,1,1,11,3,0.41173
1,3,1,1,2,1,14,3,0.37705
0,3,1,0,1,2,0,1,0.48372
0,3,1,0,1,2,0,1,0.4647
0,3,1,0,1,1,0,1,1.47
0,3,1,0,2,1,0,1,0.37668
1,3,1,1,1,2,15,3,0.44589
1,3,1,1,1,2,19,3,0.52869
1,3,1,1,2,1,21,3,0.45396
0,3,1,0,2,1,0,1,0.58445
0,3,1,0,2,1,0,1,0.98986
0,3,1,0,1,2,0,1,0.35784
1,3,1,1,1,2,15,3,0.50725
1,3,1,1,1,2,20,3,0.83744
1,3,1,1,2,2,12,3,0.41912
0,3,1,0,1,1,0,1,0.37347
1,3,1,1,1,1,10,3,0.7041
0,3,1,0,1,1,0,1,0.6802
1,3,1,1,2,1,16,3,1.0452
0,3,1,0,2,2,0,1,0.92262
1,3,1,1,1,1,14,3,0.94376
0,3,1,0,2,2,0,1,0.51717
0,3,1,0,1,1,0,1,0.79703
1,3,1,1,1,2,21,3,0.81863
1,3,1,1,1,2,15,1,0.89322
1,3,1,1,1,2,19,3,0.49577
1,3,1,1,2,1,12,3,0.38636
0,3,1,0,2,1,0,1,0.37013
0,3,1,0,2,1,0,1,0.35948
0,3,1,0,1,1,0,1,0.41029
1,3,1,1,1,2,18,3,0.39688
0,3,1,0,1,1,0,1,0.43948
0,3,1,0,2,1,0,1,0.32473
0,3,1,0,2,2,0,1,0.33022
1,3,1,1,1,1,11,3,0.42083
1,3,1,1,1,2,16,3,0.38855
1,3,1,1,2,1,15,3,0.46594
1,3,1,1,2,2,14,3,0.35905
1,3,1,1,2,1,10,3,0.40995
1,3,1,1,2,2,16,3,0.60702
0,2,2,0,2,1,0,1,0.695
1,2,2,1,1,1,11,3,0.5908
0,2,2,0,1,2,0,1,0.48664
1,2,2,1,1,2,11,3,0.66016
1,2,2,1,1,2,14,3,0.46544
0,2,2,0,2,1,0,1,0.54255
0,2,2,0,2,2,0,1,0.45732
0,2,2,0,1,1,0,1,0.46525
0,2,2,0,2,1,0,1,0.45708
0,2,2,0,1,1,0,1,0.36127
1,2,2,1,2,2,11,3,0.64124
0,2,2,0,2,2,0,1,0.61191
0,2,2,0,2,1,0,1,0.35587
0,2,2,0,1,1,0,1,0.3663
0,2,2,0,1,2,0,1,0.37689
1,2,2,1,1,2,17,3,0.45399
1,2,2,1,2,2,19,3,0.66464
0,2,2,0,1,1,0,1,0.60622
0,2,2,0,2,2,0,1,0.41157
0,2,2,0,2,2,0,1,0.41674
0,2,2,0,2,2,0,1,0.38466
0,2,2,0,1,1,0,1,0.61371
0,2,2,0,2,2,0,1,0.3631
0,2,2,0,2,1,0,1,0.37364
0,2,2,0,2,1,0,1,0.29102
1,2,2,1,2,2,21,3,0.39775
0,2,2,0,2,1,0,3,0.41364
0,2,2,0,1,1,0,1,0.45614
1,2,2,1,1,1,13,3,0.48023
0,2,2,0,1,1,0,1,0.45601
0,2,2,0,1,1,0,1,0.47731
1,2,2,1,2,1,20,3,0.3948
0,2,2,0,1,2,0,1,0.31488
1,2,2,1,2,2,10,3,0.36542
1,2,2,1,1,2,20,3,0.29351
1,2,2,1,1,1,21,3,0.45067
0,2,2,0,1,2,0,1,0.51189
1,2,2,1,1,2,16,3,0.46371
0,2,2,0,2,1,0,1,0.37597
0,2,2,0,2,1,0,1,0.64259
0,2,1,0,1,2,0,1,0.76453
1,2,1,1,2,2,14,3,0.64448
0,2,1,0,1,2,0,1,0.64962
0,2,1,0,2,2,0,1,0.41228
0,2,1,0,1,2,0,1,0.56694
0,2,1,0,2,2,0,1,0.41207
0,2,1,0,1,2,0,1,0.40688
1,2,1,1,1,1,21,3,0.4146
0,2,1,0,1,1,0,1,0.55879
1,2,1,1,2,1,19,3,0.4998
0,2,1,0,1,2,0,1,0.34792
0,2,1,0,1,2,0,1,0.32923
0,2,1,0,1,2,0,1,0.33714
0,2,1,0,1,1,0,1,0.41724
0,2,1,0,1,2,0,1,0.36649
0,2,1,0,1,2,0,1,0.31565
0,2,1,0,2,1,0,1,0.26485
0,2,1,0,2,2,0,1,0.39277
0,2,1,0,1,2,0,1,0.30236
0,2,1,0,2,2,0,1,0.31825
1,2,1,1,2,2,13,3,0.39283
0,2,1,0,1,1,0,1,0.3527
0,2,1,0,1,1,0,1,0.32075
0,2,1,0,1,1,0,1,0.57926
0,2,1,0,1,1,0,1,0.35789
1,2,1,1,1,2,10,3,0.44846
1,2,1,1,2,1,20,3,0.45401
0,2,1,0,2,2,0,1,0.52025
0,2,1,0,1,1,0,1,0.41653
1,2,1,1,2,1,18,3,0.43763
1,2,1,1,1,2,11,3,0.37119
0,2,1,0,1,2,0,1,0.49614
1,2,1,1,2,2,15,3,0.39212
0,2,1,0,2,2,0,1,0.49636
0,2,1,0,2,2,0,1,0.49886
0,2,1,0,1,2,0,1,0.4774
0,2,1,0,1,2,0,1,0.30419
0,2,1,0,2,1,0,1,0.26687
0,2,1,0,2,1,0,1,0.232
0,2,1,0,2,2,0,1,0.29858
1,2,1,1,1,1,20,3,0.47428
0,2,1,0,1,1,0,1,1.2716
0,2,1,0,2,2,0,1,0.46641
0,2,1,0,2,2,0,1,0.4448
1,2,1,1,2,1,18,3,0.54871
0,2,1,0,1,2,0,1,0.39693
0,2,1,0,1,2,0,1,0.29283
0,2,1,0,1,2,0,1,0.7033
1,2,1,1,1,1,14,3,0.40989
1,2,1,1,1,2,19,3,0.47916
0,2,1,0,1,1,0,1,0.38598
0,2,1,0,1,2,0,1,0.31658
0,2,1,0,1,2,0,1,0.36459
0,2,1,0,2,1,0,1,0.30283
0,2,1,0,1,1,0,1,0.40415
1,2,1,1,2,1,13,3,0.40437
1,2,1,1,1,1,16,3,0.47625
0,2,1,0,1,1,0,1,0.55345
0,2,1,0,1,1,0,1,0.47888
1,2,1,1,2,1,21,3,0.44141
0,2,1,0,2,2,0,1,0.79885
0,2,1,0,1,2,0,1,0.35338
0,2,1,0,2,2,0,1,0.48918
0,2,1,0,1,1,0,1,0.43844
0,2,1,0,1,2,0,1,0.48655
0,2,1,0,1,2,0,1,0.3905
0,2,1,0,2,2,0,1,0.28655
0,2,1,0,2,1,0,1,0.32889
0,2,1,0,1,1,0,1,0.41977
0,2,1,0,2,2,0,1,0.31581
0,2,1,0,1,2,0,1,0.32894
0,2,1,0,2,2,0,1,0.47272
1,2,1,1,2,2,12,3,0.43821
0,2,1,0,1,1,0,1,0.50222
0,2,1,0,1,1,0,1,0.5206
1,2,1,1,2,2,16,3,0.53667
0,2,1,0,1,1,0,1,0.47281
0,2,1,0,2,2,0,1,0.60582
1,2,1,1,1,2,10,1,0.27244
0,2,1,0,2,2,0,1,0.54731
0,2,1,0,2,2,0,1,0.67492
1,2,1,1,1,1,19,3,0.47242
0,2,1,0,2,1,0,1,0.4587
0,2,1,0,2,2,0,1,0.32009
1,2,1,1,1,2,12,1,0.26933
0,2,1,0,1,1,0,1,0.32544
0,2,1,0,2,1,0,1,0.3572
0,2,1,0,1,2,0,1,0.34651
0,2,1,0,2,1,0,1,0.43483
0,2,1,0,2,1,0,1,0.36789
0,2,1,0,1,1,0,1,0.3947
1,2,1,1,2,2,18,3,0.4346
0,2,1,0,2,1,0,1,1.0959
0,2,1,0,2,1,0,1,0.30359
1,2,1,1,2,1,18,3,0.38899
0,2,1,0,1,2,0,1,0.5384
1,2,1,1,2,2,20,3,0.41551
0,2,1,0,1,1,0,1,0.6608
0,2,1,0,2,2,0,1,0.59696
0,2,1,0,1,1,0,1,0.4236
0,2,1,0,2,2,0,1,0.37257
0,2,1,0,2,1,0,1,0.37806
0,2,1,0,2,2,0,1,0.32471
1,2,1,1,2,1,21,3,0.43643
0,2,1,0,1,1,0,1,0.87658
0,2,1,0,1,1,0,3,0.76719
1,2,1,1,2,2,14,3,0.33247
0,2,1,0,2,1,0,1,0.47891
1,2,1,1,1,1,21,3,0.43385
0,2,1,0,2,2,0,1,0.83644
0,2,1,0,1,1,0,1,0.81475
0,2,1,0,1,1,0,1,0.40705
0,2,1,0,2,2,0,1,1.0174
0,2,1,0,2,2,0,1,0.45744
1,2,1,1,1,2,11,3,0.85716
0,2,1,0,1,2,0,1,0.55596
0,2,1,0,2,1,0,1,1.0787
0,2,1,0,2,1,0,1,0.31064
0,2,1,0,1,2,0,1,0.35299
0,2,1,0,2,2,0,1,0.31838
0,2,2,0,2,2,0,1,0.42479
0,2,2,0,2,2,0,1,0.29404
1,2,2,1,2,2,17,3,0.5234
0,2,2,0,2,2,0,1,0.54987
1,2,2,1,1,1,13,3,0.77637
1,2,2,1,2,2,14,3,0.43497
0,2,2,0,1,1,0,1,0.45914
0,2,2,0,2,1,0,1,0.47229
0,2,2,0,1,1,0,1,0.44577
0,2,2,0,2,1,0,1,0.49356
1,2,2,1,2,2,21,3,0.45097
0,2,2,0,2,1,0,1,0.60022
1,2,2,1,1,1,21,3,0.4934
0,2,2,0,1,2,0,1,0.55191
0,2,2,0,1,2,0,1,0.3467
0,2,2,0,2,1,0,1,0.87719
0,2,2,0,1,2,0,1,0.5225
1,2,2,1,2,1,14,3,1.1438
0,2,2,0,1,2,0,1,0.80264
0,2,2,0,2,1,0,1,0.48241
0,2,2,0,1,1,0,1,1.2529
0,2,2,0,2,2,0,1,0.44501
1,2,2,1,1,2,15,3,0.5275
1,2,2,1,2,2,13,3,0.65833
0,2,2,0,2,2,0,1,0.90325
0,2,2,0,1,2,0,1,0.42332
0,2,2,0,1,1,0,1,0.38088
0,2,2,0,2,1,0,1,0.53536
0,2,2,0,2,1,0,1,0.37277
0,2,2,0,2,1,0,1,0.44718
0,2,2,0,1,1,0,1,0.3512
1,2,2,1,1,2,14,3,0.48455
0,2,2,0,1,2,0,1,0.50306
0,2,2,0,2,1,0,1,0.46301
0,2,2,0,2,2,0,1,0.30044
0,2,2,0,2,1,0,1,0.35641
0,2,2,0,1,1,0,1,0.28949
1,2,2,1,1,2,16,3,0.4949
1,2,2,1,2,2,14,1,0.40147
0,2,2,0,1,1,0,1,0.39363
0,2,1,0,2,2,0,1,0.6573
0,2,1,0,2,2,0,1,0.35572
1,2,1,1,2,1,21,1,0.31827
0,2,1,0,1,1,0,1,0.35046
0,2,1,0,2,2,0,1,0.31294
1,2,1,1,2,1,15,3,0.43289
1,2,1,1,1,2,12,3,0.47276
0,2,1,0,2,2,0,1,0.4461
0,2,1,0,1,2,0,1,0.27287
0,2,1,0,1,2,0,1,0.26731
0,2,1,0,2,1,0,1,0.57936
1,2,1,1,1,2,12,3,0.60072
0,2,1,0,2,2,0,1,0.29118
0,2,1,0,2,1,0,1,0.39005
1,2,1,1,1,1,16,3,0.4034
0,2,1,0,2,2,0,1,0.43781
0,2,1,0,2,2,0,1,0.4164
0,2,1,0,1,1,0,1,0.54984
0,2,1,0,2,1,0,1,0.37389
0,2,1,0,1,1,0,1,0.34168
0,2,1,0,2,1,0,1,0.3898
0,2,1,0,1,2,0,1,0.39512
0,2,1,0,2,2,0,1,0.47223
0,2,1,0,2,2,0,1,0.34696
0,2,1,0,2,1,0,1,0.46966
1,2,1,1,2,1,13,3,0.43208
0,2,1,0,1,2,0,1,0.43211
0,2,1,0,2,2,0,1,0.46955
1,2,1,1,1,2,19,3,0.42378
0,2,1,0,2,1,0,1,0.36509
1,2,1,1,2,1,11,3,0.3705
1,2,1,1,2,1,20,3,0.34905
0,2,1,0,1,2,0,1,0.39723
0,2,1,0,1,2,0,1,0.45308
0,2,1,0,2,1,0,1,0.40245
1,2,1,1,1,2,13,3,0.45843
0,2,1,0,2,2,0,1,0.445
1,2,1,1,2,1,19,3,0.4823
1,2,1,1,2,1,17,3,0.40227
0,2,1,0,2,2,0,1,0.63137
0,2,1,0,2,2,0,1,0.62023
1,2,1,1,1,1,18,3,0.012338
0,2,1,0,2,1,0,1,0.38534
1,2,1,1,2,2,14,3,0.48155
0,2,1,0,2,1,0,1,0.31072
0,2,1,0,1,2,0,1,0.38519
0,2,1,0,2,2,0,1,0.39872
0,2,1,0,2,1,0,1,0.40929
0,2,1,0,1,2,0,1,0.42275
0,2,1,0,1,1,0,1,0.34262
1,2,1,1,2,1,11,3,0.41973
0,2,1,0,1,2,0,3,0.00013039
0,2,1,0,2,1,0,1,0.5132
0,2,1,0,1,1,0,1,0.4435
0,2,1,0,1,2,0,1,0.43305
1,2,1,1,1,2,13,3,0.45703
0,2,1,0,1,1,0,1,0.71841
0,2,1,0,2,1,0,1,0.35548
0,2,1,0,1,1,0,1,0.46215
1,2,1,1,1,1,16,3,0.47805
1,2,1,1,1,1,13,3,0.45926
1,2,1,1,2,2,13,3,0.46727
0,2,1,0,1,2,0,1,0.53393
1,2,1,1,1,2,12,3,0.45941
0,2,1,0,2,1,0,1,0.70187
0,2,1,0,1,1,0,1,0.57118
0,2,1,0,2,2,0,1,0.28828
0,2,1,0,1,2,0,1,0.46977
0,2,1,0,2,2,0,1,0.44824
0,2,1,0,2,1,0,1,0.32822
0,2,1,0,1,2,0,1,0.25091
1,2,1,1,2,2,12,3,0.47751
0,2,1,0,2,1,0,1,0.59742
0,2,1,0,1,1,0,1,0.32556
0,2,1,0,1,1,0,1,0.54142
0,2,1,0,1,1,0,1,0.28519
1,2,1,1,1,2,21,3,0.53862
0,2,1,0,2,1,0,1,0.42129
1,2,1,1,2,2,21,3,0.44249
0,2,1,0,2,1,0,1,0.55713
1,2,2,1,2,1,10,3,0.66838
0,2,2,0,1,1,0,1,0.4259
0,2,2,0,2,1,0,1,0.51137
1,2,2,1,2,2,13,3,0.50304
0,2,2,0,2,1,0,1,0.45784
0,2,2,0,2,2,0,1,0.38845
0,2,2,0,1,1,0,1,0.48422
1,2,2,1,2,2,17,3,0.43632
0,2,2,0,2,2,0,1,0.46302
0,2,2,0,1,2,0,1,0.34306
0,2,2,0,2,2,0,1,0.40424
0,2,2,0,2,1,0,1,0.48414
0,2,2,0,1,1,0,1,0.38791
0,2,2,0,2,1,0,1,0.37454
1,2,2,1,1,1,12,3,0.46797
0,2,2,0,2,2,0,1,0.50779
0,2,2,0,1,1,0,1,0.5532
0,2,2,0,1,1,0,1,0.32663
0,2,2,0,2,2,0,1,0.31053
0,2,2,0,2,1,0,1,0.35322
0,2,2,0,1,2,0,1,0.50749
0,2,2,0,1,2,0,1,0.59842
0,2,2,0,1,2,0,1,0.30243
0,2,2,0,2,2,0,1,0.68372
0,2,2,0,1,1,0,1,0.39554
0,2,2,0,2,1,0,1,0.30995
1,2,2,1,1,2,12,1,0.48621
0,2,2,0,1,1,0,1,0.50489
0,2,2,0,1,2,0,1,0.64595
1,2,2,1,2,2,20,3,0.52846
0,2,2,0,2,2,0,1,0.75003
0,2,2,0,1,2,0,1,0.54453
0,2,2,0,2,1,0,1,0.44053
0,2,2,0,1,2,0,1,0.36571
0,2,2,0,2,2,0,1,0.46989
0,2,2,0,1,1,0,1,0.37631
1,2,2,1,2,1,18,3,0.48048
0,2,2,0,1,2,0,1,0.70429
0,2,2,0,1,2,0,1,0.55487
0,2,2,0,1,2,0,1,0.41619
0,2,2,0,1,1,0,1,0.5571
0,2,2,0,2,1,0,1,0.34124
0,2,2,0,1,2,0,1,0.2452
0,2,2,0,2,1,0,1,0.26913
0,2,2,0,1,1,0,1,0.29577
0,2,2,0,1,2,0,1,0.32498
1,2,2,1,1,1,11,3,0.45288
1,2,2,1,1,1,14,3,0.36478
0,2,2,0,2,1,0,1,0.49283
0,2,2,0,2,2,0,1,0.56491
0,2,2,0,1,2,0,1,0.34876
0,2,2,0,2,2,0,1,0.47146
0,2,2,0,2,2,0,1,0.57547
0,2,2,0,2,1,0,1,0.29283
0,2,2,0,1,2,0,1,0.26049
0,2,2,0,1,2,0,1,0.24992
0,2,2,0,1,1,0,1,0.242
0,2,2,0,2,1,0,1,0.22596
0,2,2,0,2,2,0,1,0.28449
1,2,2,1,1,2,21,3,0.3803
0,2,2,0,2,1,0,1,0.40982
0,2,2,0,1,2,0,1,0.43119
0,2,2,0,2,1,0,3,0.00012778
0,2,2,0,2,1,0,1,0.54551
0,2,2,0,2,1,0,1,0.61499
0,2,2,0,1,2,0,1,0.52433
0,2,2,0,2,1,0,1,0.38277
0,2,2,0,2,1,0,1,0.4253
1,2,2,1,1,2,12,3,0.40154
0,2,2,0,2,2,0,1,0.49989
1,2,2,1,1,1,10,3,0.37747
0,2,2,0,1,1,0,1,0.36109
1,2,2,1,2,2,13,3,0.49181
0,2,2,0,1,1,0,1,0.41731
0,2,2,0,2,1,0,1,0.47557
0,2,2,0,1,2,0,1,0.39851
0,2,2,0,2,2,0,1,0.4037
0,2,2,0,2,2,0,1,0.98212
0,2,2,0,2,1,0,1,0.40887
0,2,2,0,1,1,0,1,0.38499
0,2,2,0,1,2,0,1,0.59801
0,2,2,0,1,2,0,1,0.57656
0,2,2,0,2,2,0,1,0.5232
1,2,2,1,1,2,19,3,0.54976
0,2,2,0,2,1,0,1,0.53659
0,2,2,0,2,2,0,1,0.44597
0,2,2,0,2,2,0,1,0.60037
0,2,2,0,1,1,0,1,0.40042
0,2,2,0,1,1,0,1,0.51776
0,2,2,0,2,1,0,3,0.43501
0,2,2,0,1,1,0,1,0.34146
0,2,2,0,1,1,0,1,0.42958
1,2,2,1,1,1,12,3,0.42129
0,2,2,0,1,2,0,1,0.37081
0,2,2,0,1,1,0,1,0.36005
0,2,2,0,2,2,0,1,0.44256
1,2,2,1,2,2,15,3,0.7493
0,2,2,0,2,1,0,1,0.58647
0,2,2,0,2,2,0,1,0.4559
1,2,2,1,2,1,12,3,0.43728
1,2,2,1,1,1,11,3,0.45031
0,2,2,0,2,2,0,1,0.4184
1,2,2,1,1,1,10,3,0.42106
0,2,2,0,1,1,0,1,0.49294
0,2,2,0,2,2,0,1,0.38074
0,2,2,0,1,2,0,1,0.61009
0,2,2,0,2,2,0,1,0.29827
0,2,2,0,2,2,0,1,0.61296
1,2,2,1,2,2,17,3,0.58353
1,2,2,1,2,1,19,3,0.79665
0,2,2,0,1,1,0,1,0.5993
0,2,2,0,1,1,0,1,0.43375
0,2,2,0,1,1,0,1,0.61268
0,2,2,0,1,1,0,1,0.74564
1,2,2,1,1,2,13,3,0.49221
0,2,2,0,1,1,0,1,0.56177
1,2,2,1,2,2,13,3,0.58843
1,2,2,1,2,1,10,3,0.48947
0,2,2,0,1,1,0,1,0.56428
1,2,2,1,1,1,15,3,0.52691
