1,3,2,1,2,2,20,3,0.49174
0,3,2,0,1,2,0,1,0.36766
0,3,2,0,2,2,0,1,0.36204
0,3,2,0,1,1,0,1,0.34459
1,3,2,1,1,2,17,3,0.4313
1,3,2,1,2,2,20,3,0.6214
0,3,2,0,2,1,0,1,0.54867
1,3,2,1,2,1,10,3,0.49173
0,3,2,0,1,1,0,1,0.56595
1,3,2,1,2,2,17,3,0.38743
0,3,2,0,2,1,0,1,0.54121
1,3,2,1,2,2,19,3,0.38138
0,3,2,0,2,1,0,1,0.37795
0,3,2,0,2,1,0,1,0.4726
1,3,2,1,2,1,11,3,0.44035
0,3,2,0,1,2,0,1,0.4125
1,3,2,1,1,2,18,3,0.39912
0,3,2,0,2,2,0,1,0.50409
1,3,2,1,2,1,10,3,0.44293
0,3,2,0,2,2,0,1,0.39646
0,3,2,0,2,1,0,1,0.6737
1,3,2,1,1,1,11,3,0.468
0,3,2,0,2,1,0,1,0.35404
1,3,2,1,2,1,15,3,0.37814
0,3,2,0,2,1,0,1,0.38412
0,3,2,0,1,1,0,1,0.41156
0,3,2,0,2,2,0,1,0.46486
0,3,2,0,1,1,0,1,0.41604
1,3,2,1,1,1,17,3,0.63519
1,3,2,1,1,1,17,3,0.53779
1,3,2,1,2,1,20,3,0.43986
0,3,2,0,1,2,0,1,0.91809
1,3,2,1,1,2,17,3,0.48439
1,3,2,1,2,2,19,3,0.43511
0,3,2,0,1,2,0,1,0.52876
1,3,2,1,2,2,19,3,0.43717
0,3,2,0,2,1,0,1,0.50972
1,3,2,1,2,1,10,3,0.40615
0,3,2,0,1,2,0,1,0.41625
0,3,2,0,2,2,0,1,0.42204
1,3,1,1,2,1,15,3,0.44638
1,3,1,1,1,1,21,3,0.41681
1,3,1,1,2,1,17,1,0.4518
0,3,1,0,1,1,0,3,0.35636
1,3,1,1,1,2,19,3,0.47981
0,3,1,0,1,1,0,1,0.41042
1,3,1,1,1,1,13,3,0.3537
1,3,1,1,2,2,19,3,0.35194
1,3,1,1,2,2,11,3,0.42217
0,3,1,0,1,1,0,1,0.43833
1,3,1,1,2,2,14,3,0.37436
1,3,1,1,2,2,14,3,0.39694
0,3,1,0,2,1,0,1,0.47389
0,3,1,0,2,1,0,1,0.41273
0,3,1,0,1,2,0,1,0.36
1,3,1,1,1,2,17,3,0.65182
0,3,1,0,2,2,0,1,0.40686
0,3,1,0,1,1,0,1,0.41253
0,3,1,0,1,1,0,1,0.38555
0,3,1,0,2,2,0,1,0.35162
1,3,1,1,1,2,19,3,0.40887
1,3,1,1,2,2,15,3,0.43507
1,3,1,1,1,1,13,3,0.39479
0,3,1,0,1,2,0,1,0.37707
1,3,1,1,1,1,17,3,0.43766
0,3,1,0,1,1,0,1,0.39354
1,3,1,1,2,2,16,3,0.4294
1,3,1,1,2,2,12,3,0.39923
1,3,1,1,2,2,13,3,0.36003
1,3,1,1,1,2,21,3,0.39933
0,3,1,0,2,2,0,1,0.4121
0,3,1,0,1,1,0,1,0.36475
1,3,1,1,2,1,10,3,0.48197
0,3,1,0,2,1,0,1,0.63546
0,3,1,0,2,1,0,1,0.36629
1,3,1,1,2,2,10,3,0.409
0,3,1,0,1,1,0,1,0.40663
0,3,1,0,2,2,0,1,0.35679
0,3,1,0,2,1,0,1,0.36801
0,3,1,0,2,2,0,1,0.3752
0,3,2,0,2,1,0,1,0.36629
0,3,2,0,1,2,0,1,0.38339
1,3,2,1,2,2,13,1,0.33285
1,3,2,1,1,1,10,3,0.46692
1,3,2,1,1,1,11,3,0.38572
0,3,2,0,1,1,0,1,0.39757
0,3,2,0,2,2,0,1,0.42159
0,3,2,0,2,1,0,1,0.35743
1,3,2,1,2,2,16,3,0.40995
0,3,2,0,1,1,0,1,0.49599
0,3,2,0,1,1,0,1,0.32164
0,3,2,0,2,1,0,1,0.50244
1,3,2,1,1,2,11,3,0.51236
1,3,2,1,1,1,18,1,0.40633
0,3,2,0,1,2,0,1,0.45206
1,3,2,1,2,1,20,3,0.39702
1,3,2,1,1,1,12,3,0.4492
1,3,2,1,2,1,12,3,0.39817
1,3,2,1,2,2,14,3,0.41433
1,3,2,1,2,1,21,3,0.4562
0,3,2,0,2,1,0,1,0.54822
0,3,2,0,2,1,0,1,0.42152
1,3,2,1,2,2,12,3,0.43038
1,3,2,1,2,2,16,3,0.56708
0,3,2,0,1,2,0,1,0.45256
1,3,2,1,1,1,16,3,0.43218
0,3,2,0,1,1,0,1,0.4572
0,3,2,0,2,1,0,1,0.50415
0,3,2,0,1,1,0,1,0.46608
1,3,2,1,2,2,21,3,0.4034
0,3,2,0,1,1,0,1,0.43343
0,3,2,0,1,2,0,1,0.35133
0,3,2,0,2,1,0,1,0.33626
1,3,2,1,2,1,10,3,0.525
1,3,2,1,2,2,14,3,0.48995
1,3,2,1,1,2,19,3,0.44599
0,3,2,0,2,1,0,1,0.4218
0,3,2,0,1,2,0,1,0.41284
0,3,2,0,2,1,0,1,0.40403
1,3,2,1,2,2,13,3,0.57409
0,3,1,0,2,2,0,1,0.44106
0,3,1,0,2,1,0,1,0.34173
1,3,1,1,1,1,11,3,0.38601
0,3,1,0,2,2,0,1,0.36548
1,3,1,1,2,1,14,3,0.47598
0,3,1,0,1,1,0,1,0.34906
1,3,1,1,1,1,13,3,0.38829
1,3,1,1,1,1,12,3,0.40171
1,3,1,1,2,1,13,3,0.36449
0,3,1,0,1,2,0,1,0.42372
1,3,1,1,1,2,12,3,0.49278
1,3,1,1,1,2,20,3,0.40239
0,3,1,0,1,2,0,1,0.35314
1,3,1,1,2,2,21,3,0.35231
0,3,1,0,1,2,0,1,0.44902
0,3,1,0,2,2,0,1,0.39496
0,3,1,0,2,1,0,1,0.51302
1,3,1,1,2,1,20,3,0.49162
1,3,1,1,1,1,14,3,0.64329
0,3,1,0,2,2,0,1,0.5218
1,3,1,1,2,1,20,3,0.44275
1,3,1,1,1,1,11,3,0.60989
0,3,1,0,2,2,0,1,0.45928
1,3,1,1,2,2,15,3,0.48278
0,3,1,0,1,1,0,1,0.53407
0,3,1,0,2,1,0,1,0.5266
1,3,1,1,2,2,12,3,0.43206
1,3,1,1,1,1,21,3,0.54208
1,3,1,1,2,1,15,3,0.40964
0,3,1,0,1,1,0,1,0.50146
1,3,1,1,2,1,19,3,0.35835
1,3,1,1,1,1,11,3,0.42281
0,3,1,0,1,2,0,1,0.42116
0,3,1,0,2,2,0,1,0.46105
0,3,1,0,1,1,0,1,0.4202
1,3,1,1,1,1,20,3,0.36788
1,3,1,1,2,2,15,3,0.49426
0,3,1,0,2,2,0,1,0.424
0,3,1,0,1,2,0,1,0.37806
1,3,1,1,1,2,16,3,0.39179
1,3,2,1,2,2,17,3,0.62359
1,3,2,1,2,2,15,3,0.41252
0,3,2,0,2,2,0,1,0.47194
1,3,2,1,2,1,15,3,0.45306
0,3,2,0,1,2,0,1,0.46455
0,3,2,0,2,1,0,1,0.46839
1,3,2,1,2,1,18,3,0.55709
1,3,2,1,1,1,13,3,0.46352
1,3,2,1,1,1,12,3,0.37934
1,3,2,1,1,2,10,3,0.42201
1,3,2,1,1,1,16,3,0.44796
0,3,2,0,1,2,0,1,0.41777
1,3,2,1,2,2,10,3,0.33722
1,3,2,1,2,1,20,3,0.51673
1,3,2,1,1,1,14,3,0.37608
0,3,2,0,1,1,0,1,0.43789
1,3,2,1,1,1,10,3,0.38498
0,3,2,0,1,2,0,1,0.3771
1,3,2,1,2,1,19,3,0.44303
1,3,2,1,2,2,14,3,0.39082
0,3,2,0,2,1,0,1,0.39263
1,3,2,1,1,2,18,3,0.35321
0,3,2,0,2,1,0,1,0.36839
1,3,2,1,1,1,18,3,0.35837
0,3,2,0,2,1,0,1,0.31915
0,3,2,0,2,1,0,1,0.45514
1,3,2,1,1,1,17,3,0.35693
1,3,2,1,1,2,21,3,0.41582
1,3,2,1,1,1,21,3,0.3666
0,3,2,0,2,2,0,1,0.47914
1,3,2,1,1,1,20,3,0.45635
1,3,2,1,1,1,10,3,0.41665
0,3,2,0,2,1,0,1,0.43719
1,3,2,1,1,1,12,3,0.43579
1,3,2,1,2,2,15,3,0.38083
1,3,2,1,2,1,21,3,0.42679
1,3,2,1,2,1,20,3,0.3754
0,3,2,0,1,1,0,3,0.31882
1,3,2,1,1,2,20,3,0.42453
0,3,2,0,1,2,0,1,0.37134
0,3,1,0,1,2,0,1,0.47017
1,3,1,1,1,2,15,3,0.44696
1,3,1,1,2,1,13,3,0.37809
0,3,1,0,1,1,0,1,0.35251
1,3,1,1,1,1,12,3,0.44206
0,3,1,0,1,1,0,1,0.38054
0,3,1,0,2,2,0,1,0.46114
0,3,1,0,2,1,0,1,0.3277
0,3,1,0,1,2,0,1,0.41481
1,3,1,1,1,2,10,3,0.38876
1,3,1,1,1,2,11,3,0.40089
1,3,1,1,1,1,16,3,0.46901
0,3,1,0,2,1,0,1,0.40491
1,3,1,1,2,1,19,3,0.41174
0,3,1,0,2,2,0,1,0.40033
0,3,1,0,1,2,0,1,0.45434
1,3,1,1,1,1,13,3,0.86835
0,3,1,0,1,1,0,1,0.37876
0,3,1,0,1,2,0,1,0.39934
0,3,1,0,1,1,0,1,0.38619
0,3,1,0,2,1,0,1,0.30925
0,3,1,0,2,1,0,1,0.30594
0,3,1,0,1,1,0,1,0.32572
0,3,1,0,1,2,0,1,0.33699
0,3,1,0,2,2,0,1,0.2929
1,3,1,1,2,1,12,3,0.46671
1,3,1,1,2,2,14,3,0.40189
0,3,1,0,2,2,0,1,0.36762
0,3,1,0,1,2,0,1,0.43353
0,3,1,0,2,1,0,1,0.30034
0,3,1,0,1,2,0,1,0.27674
0,3,1,0,2,1,0,1,0.34634
0,3,1,0,2,2,0,1,0.32347
0,3,1,0,2,1,0,1,0.30035
1,3,1,1,1,1,12,1,0.3749
1,3,1,1,2,2,15,3,0.43898
1,3,1,1,1,2,18,3,0.45851
0,3,1,0,1,2,0,1,0.41058
0,3,1,0,1,2,0,1,0.42487
0,3,1,0,1,2,0,1,0.40094
1,3,1,1,1,1,16,3,0.46905
1,3,1,1,1,2,14,3,0.37461
1,3,1,1,1,2,11,3,0.37026
1,3,1,1,2,1,12,3,0.3163
1,3,1,1,1,1,18,3,0.38792
1,3,1,1,2,1,16,3,0.34965
0,3,1,0,2,1,0,1,0.38884
0,3,1,0,2,2,0,1,0.32654
1,3,1,1,2,2,14,3,0.42278
0,3,1,0,1,2,0,1,0.35524
0,3,1,0,2,2,0,1,0.29637
0,3,1,0,1,2,0,1,0.31581
1,3,1,1,1,1,17,1,0.27862
0,3,1,0,1,2,0,1,0.41949
1,3,1,1,1,2,17,3,0.4592
1,3,1,1,2,1,17,3,0.4097
1,3,1,1,2,1,16,3,0.40383
0,3,1,0,2,2,0,1,0.3464
1,3,1,1,1,1,17,3,0.43868
0,3,1,0,2,1,0,1,0.39369
1,3,1,1,1,1,20,3,0.41102
1,3,1,1,1,1,15,3,0.43719
1,3,1,1,2,2,19,3,0.48139
1,3,1,1,1,1,16,3,0.382
1,3,1,1,1,1,11,3,0.36651
1,3,1,1,2,1,21,3,0.3714
1,3,1,1,1,2,20,3,0.39383
0,3,1,0,2,2,0,1,0.34563
1,3,1,1,2,2,20,3,0.34686
0,3,1,0,2,2,0,1,0.36253
1,3,1,1,1,2,21,3,0.40963
1,3,1,1,1,2,19,3,0.36656
0,3,1,0,2,1,0,1,0.37716
0,3,1,0,2,1,0,1,0.42304
1,3,1,1,2,1,16,3,0.50574
0,3,1,0,1,2,0,1,0.42976
1,3,1,1,1,2,13,3,0.39312
1,3,1,1,1,2,14,3,0.44189
0,3,1,0,2,1,0,1,0.38141
0,3,1,0,2,1,0,1,0.39282
0,3,2,0,2,2,0,1,0.37704
1,3,2,1,1,2,19,3,0.56483
1,3,2,1,2,1,19,3,0.41069
1,3,2,1,2,1,11,3,0.3925
1,3,2,1,1,1,18,3,0.38483
0,3,2,0,2,1,0,1,0.3671
0,3,2,0,2,1,0,1,0.34337
1,3,2,1,2,2,13,1,0.3378
1,3,2,1,2,2,12,3,0.40075
0,3,2,0,1,2,0,1,0.30686
1,3,2,1,1,2,14,3,0.39561
1,3,2,1,2,1,18,3,0.46466
0,3,2,0,1,1,0,1,0.44363
1,3,2,1,2,2,17,3,0.39308
0,3,2,0,1,2,0,1,0.41963
0,3,2,0,1,1,0,1,0.44942
1,3,2,1,2,2,18,3,0.41478
1,3,2,1,2,2,17,3,0.48447
1,3,2,1,1,2,11,3,0.42137
1,3,2,1,1,2,11,3,0.40806
0,3,2,0,2,2,0,1,0.39786
0,3,2,0,2,2,0,1,0.44577
0,3,2,0,1,1,0,1,0.41411
0,3,2,0,1,2,0,1,0.35767
1,3,2,1,2,2,11,3,0.47295
0,3,2,0,2,2,0,1,0.46024
0,3,2,0,1,2,0,1,0.42628
1,3,2,1,1,1,12,3,0.45378
1,3,2,1,1,2,17,3,0.56366
0,3,2,0,1,2,0,1,0.40665
0,3,2,0,2,2,0,1,0.35588
0,3,2,0,1,2,0,1,0.4254
1,3,2,1,1,2,20,1,0.35387
1,3,2,1,1,2,17,3,0.43758
1,3,2,1,2,1,21,3,0.37838
0,3,2,0,2,2,0,1,0.35023
1,3,2,1,1,1,14,3,0.39969
1,3,2,1,1,2,17,3,0.4228
0,3,2,0,1,1,0,1,0.33105
0,3,2,0,1,2,0,1,0.41091
0,3,1,0,2,1,0,1,0.39207
0,3,1,0,1,1,0,1,0.3603
1,3,1,1,2,1,10,3,0.42244
1,3,1,1,2,2,14,3,0.40171
0,3,1,0,1,2,0,1,0.36797
1,3,1,1,2,2,13,3,0.36178
0,3,1,0,1,1,0,1,0.33933
0,3,1,0,1,2,0,1,0.36445
1,3,1,1,1,1,21,3,0.40258
0,3,1,0,2,2,0,1,0.34488
1,3,1,1,1,2,11,3,0.3966
1,3,1,1,2,1,13,3,0.40573
1,3,1,1,2,1,12,3,0.36428
1,3,1,1,2,2,12,3,0.38599
0,3,1,0,2,1,0,1,0.35622
0,3,1,0,1,2,0,1,0.38159
0,3,1,0,2,1,0,1,0.41915
0,3,1,0,2,2,0,1,0.38579
0,3,1,0,1,1,0,1,0.34125
0,3,1,0,2,1,0,1,0.34913
1,3,1,1,1,2,18,1,0.35205
0,3,1,0,2,1,0,1,0.38301
1,3,1,1,1,1,18,3,0.36651
0,3,1,0,2,1,0,1,0.41398
1,3,1,1,2,1,11,3,0.41005
0,3,1,0,2,2,0,1,0.41038
0,3,1,0,1,2,0,1,0.44172
1,3,1,1,1,1,16,3,0.40843
0,3,1,0,2,2,0,1,0.35623
1,3,1,1,1,1,20,3,0.45284
0,3,1,0,1,2,0,1,0.72913
0,3,1,0,1,2,0,1,0.37311
0,3,1,0,1,1,0,1,0.3255
0,3,1,0,1,2,0,1,0.31258
1,3,1,1,2,1,15,3,0.46835
1,3,1,1,2,1,12,3,0.43861
0,3,1,0,2,2,0,1,0.36044
1,3,1,1,2,2,10,3,0.38418
0,3,1,0,1,1,0,1,0.30728
1,3,1,1,1,2,12,3,0.40569
1,3,2,1,2,2,11,3,0.562
0,3,2,0,2,2,0,1,0.39871
0,3,2,0,1,1,0,1,0.54889
0,3,2,0,2,2,0,1,0.47925
0,3,2,0,2,1,0,1,0.43466
0,3,2,0,1,1,0,1,0.44542
1,3,2,1,2,1,11,3,0.41187
1,3,2,1,2,1,20,3,0.49196
0,3,2,0,2,1,0,1,0.39781
0,3,2,0,1,2,0,1,0.45158
0,3,2,0,1,2,0,1,0.4022
1,3,2,1,1,2,16,3,0.43028
1,3,2,1,1,1,13,3,0.40865
0,3,2,0,2,1,0,1,0.41989
0,3,2,0,1,1,0,1,0.48473
0,3,2,0,2,1,0,1,0.42715
0,3,2,0,1,1,0,1,0.36678
1,3,2,1,2,2,20,3,0.42016
1,3,2,1,2,2,18,3,0.43086
1,3,2,1,1,2,16,3,0.38138
1,3,2,1,1,1,19,3,0.37308
0,3,2,0,2,2,0,1,0.41584
1,3,2,1,2,2,13,3,0.40586
1,3,2,1,1,1,13,3,0.4101
1,3,2,1,2,1,14,3,0.39857
0,3,2,0,2,1,0,1,0.46424
1,3,2,1,2,2,18,3,0.38941
0,3,2,0,1,2,0,1,0.49071
1,3,2,1,2,1,11,3,0.44027
1,3,2,1,2,1,11,3,0.48083
0,3,2,0,1,2,0,1,0.52843
0,3,2,0,2,1,0,1,0.78324
1,3,2,1,2,1,19,3,0.49974
0,3,2,0,2,2,0,1,0.54158
1,3,2,1,1,2,17,3,0.44618
0,3,2,0,2,2,0,1,0.43776
1,3,2,1,1,1,13,3,0.42347
1,3,2,1,1,2,16,3,0.40415
1,3,2,1,2,1,18,3,0.46737
0,3,2,0,2,1,0,1,0.32538
0,2,2,0,2,2,0,1,0.47423
0,2,2,0,2,1,0,1,0.48289
1,2,2,1,1,2,19,3,0.40583
0,2,2,0,1,1,0,1,0.36096
0,2,2,0,1,2,0,1,0.42778
0,2,2,0,1,1,0,1,0.47573
0,2,2,0,1,2,0,1,0.38699
0,2,2,0,1,2,0,1,0.43239
0,2,2,0,2,2,0,1,0.39424
1,2,2,1,1,2,14,3,0.51591
0,2,2,0,1,2,0,1,0.37871
1,2,2,1,1,2,21,3,0.43278
0,2,2,0,1,1,0,1,0.38178
1,2,2,1,2,1,16,3,0.51541
0,2,2,0,2,1,0,1,0.36245
0,2,2,0,2,1,0,1,0.47181
0,2,2,0,1,1,0,1,0.31376
0,2,2,0,2,2,0,1,0.39957
0,2,2,0,2,1,0,1,0.36718
1,2,2,1,2,1,17,3,0.46908
0,2,2,0,2,2,0,1,0.37766
1,2,2,1,2,2,20,3,0.38865
0,2,2,0,1,1,0,1,0.37852
1,2,2,1,1,1,14,3,0.45454
1,2,2,1,2,1,10,3,0.4137
0,2,2,0,2,2,0,1,0.38333
0,2,2,0,1,2,0,1,0.34432
1,2,2,1,2,2,13,3,0.40821
1,2,2,1,2,1,16,3,0.41813
0,2,2,0,1,1,0,1,0.3382
0,2,2,0,2,1,0,1,0.35045
0,2,2,0,1,1,0,1,0.37957
0,2,2,0,2,1,0,1,0.37112
0,2,2,0,1,1,0,1,0.40853
0,2,2,0,1,2,0,1,0.30347
1,2,2,1,2,1,11,3,0.41776
0,2,2,0,1,2,0,1,0.34347
1,2,2,1,1,2,18,3,0.41179
0,2,2,0,1,1,0,1,0.31618
0,2,2,0,1,1,0,1,0.30506
1,2,2,1,2,2,15,3,0.41572
0,2,2,0,1,1,0,1,0.31452
1,2,2,1,1,1,15,1,0.27636
0,2,2,0,1,1,0,1,0.48072
1,2,2,1,1,2,14,3,0.56953
1,2,2,1,1,2,16,3,0.42603
0,2,2,0,1,1,0,1,0.35545
0,2,2,0,2,1,0,1,0.32717
1,2,2,1,2,2,13,1,0.35778
0,2,2,0,2,2,0,1,0.35839
0,2,2,0,1,1,0,1,0.32274
0,2,2,0,1,2,0,1,0.39384
1,2,2,1,1,2,17,3,0.40227
0,2,2,0,1,2,0,1,0.38537
0,2,2,0,1,1,0,1,0.36817
0,2,2,0,1,2,0,1,0.30283
0,2,2,0,2,1,0,1,0.39554
1,2,2,1,2,2,14,3,0.45004
0,2,2,0,2,1,0,1,0.46526
0,2,2,0,2,2,0,1,0.37189
1,2,2,1,1,2,11,3,0.51046
0,2,2,0,1,1,0,1,0.39807
0,2,2,0,2,1,0,1,0.3897
0,2,2,0,2,2,0,1,0.38492
1,2,2,1,2,2,17,3,0.48124
0,2,2,0,1,2,0,1,0.42656
0,2,2,0,2,2,0,1,0.35008
0,2,2,0,2,2,0,1,0.35389
0,2,2,0,2,1,0,1,0.37347
0,2,2,0,2,1,0,1,0.54157
1,2,2,1,1,2,18,3,0.44051
0,2,2,0,2,1,0,1,0.34432
0,2,2,0,2,2,0,1,0.33606
0,2,2,0,2,1,0,1,0.34453
0,2,2,0,1,2,0,1,0.34009
0,2,2,0,1,2,0,1,0.29377
1,2,2,1,1,1,20,1,0.32159
0,2,2,0,2,2,0,1,0.31451
0,2,2,0,2,2,0,1,0.42467
0,2,2,0,2,2,0,1,0.39414
0,2,1,0,2,1,0,1,0.35698
0,2,1,0,1,2,0,1,0.29379
1,2,1,1,1,1,10,3,0.49418
0,2,1,0,1,2,0,1,0.2989
0,2,1,0,1,1,0,1,0.29485
1,2,1,1,1,1,15,1,0.29001
0,2,1,0,2,1,0,1,0.31649
1,2,1,1,2,2,10,3,0.45421
0,2,1,0,2,1,0,1,0.31298
0,2,1,0,2,1,0,1,0.2919
0,2,1,0,2,2,0,1,0.34632
0,2,1,0,1,1,0,1,0.32992
0,2,1,0,1,1,0,1,0.31928
1,2,1,1,2,1,11,3,0.44604
0,2,1,0,1,2,0,1,0.36094
1,2,1,1,1,2,14,3,0.43251
0,2,1,0,1,2,0,1,0.3066
0,2,1,0,1,1,0,1,0.4113
0,2,1,0,1,2,0,1,0.34963
0,2,1,0,1,2,0,1,0.30271
0,2,1,0,1,2,0,1,0.32632
0,2,1,0,1,2,0,1,0.3413
0,2,1,0,1,2,0,1,0.32385
1,2,1,1,2,2,13,3,0.4663
0,2,1,0,2,2,0,1,0.36516
0,2,1,0,1,2,0,1,0.33547
0,2,1,0,1,2,0,1,0.33267
0,2,1,0,2,2,0,1,0.32409
0,2,1,0,1,2,0,1,0.34638
0,2,1,0,2,1,0,1,0.34814
0,2,1,0,1,2,0,1,0.38332
0,2,1,0,2,2,0,1,0.33772
0,2,1,0,1,2,0,1,0.30839
0,2,1,0,2,1,0,1,0.30411
0,2,1,0,1,1,0,1,0.31665
0,2,1,0,1,1,0,1,0.29798
1,2,1,1,1,1,18,1,0.33181
0,2,1,0,2,1,0,1,0.3299
0,2,1,0,2,1,0,1,0.30889
1,2,1,1,2,1,21,3,0.38237
0,2,2,0,1,2,0,1,0.36134
0,2,2,0,2,1,0,1,0.31693
0,2,2,0,2,1,0,1,0.3009
0,2,2,0,2,2,0,1,0.3309
1,2,2,1,2,1,21,1,0.33771
1,2,2,1,2,2,21,3,0.47074
0,2,2,0,1,2,0,1,0.45592
0,2,2,0,1,2,0,1,0.31784
0,2,2,0,1,2,0,1,0.33486
1,2,2,1,1,1,10,3,0.46304
0,2,2,0,1,2,0,1,0.33471
1,2,2,1,2,2,19,3,0.41737
0,2,2,0,2,1,0,1,0.32457
1,2,2,1,2,1,21,3,0.41527
1,2,2,1,1,2,10,3,0.4542
0,2,2,0,2,1,0,1,0.35592
0,2,2,0,2,2,0,1,0.342
0,2,2,0,1,1,0,1,0.33858
0,2,2,0,1,1,0,1,0.3933
0,2,2,0,1,2,0,1,0.41637
0,2,2,0,1,2,0,1,0.33037
0,2,2,0,1,1,0,1,0.39241
0,2,2,0,2,2,0,1,0.32051
0,2,2,0,2,1,0,1,0.32731
0,2,2,0,2,1,0,1,0.35634
1,2,2,1,2,2,13,3,0.4809
0,2,2,0,1,1,0,1,0.33928
0,2,2,0,2,1,0,1,0.35631
1,2,2,1,1,2,21,1,0.29514
0,2,2,0,1,1,0,1,0.30281
0,2,2,0,1,1,0,1,0.31446
1,2,2,1,1,1,20,3,0.46719
0,2,2,0,1,2,0,1,0.33374
0,2,2,0,2,1,0,1,0.32711
0,2,2,0,2,2,0,1,0.33363
1,2,2,1,1,1,12,3,0.4877
0,2,2,0,2,2,0,1,0.34451
0,2,2,0,2,1,0,1,0.32343
0,2,2,0,2,2,0,1,0.3491
0,2,2,0,2,1,0,1,0.36576
0,2,1,0,1,2,0,1,0.39042
1,2,1,1,1,2,11,3,0.47099
0,2,1,0,2,1,0,1,0.32964
0,2,1,0,1,1,0,1,0.37353
1,2,1,1,2,1,21,3,0.42899
1,2,1,1,1,1,13,3,0.42034
1,2,1,1,1,1,12,3,0.33159
0,2,1,0,2,1,0,1,0.45249
0,2,1,0,2,2,0,1,0.40717
0,2,1,0,1,2,0,1,0.34515
1,2,1,1,2,2,13,3,0.44472
0,2,1,0,2,2,0,1,0.31629
0,2,1,0,1,2,0,1,0.34375
1,2,1,1,2,2,20,3,0.43833
1,2,1,1,2,1,16,3,0.44783
0,2,1,0,2,2,0,1,0.3292
0,2,1,0,1,1,0,1,0.32836
0,2,1,0,2,1,0,1,0.28464
1,2,1,1,1,2,19,1,0.29025
0,2,1,0,2,1,0,1,0.29478
0,2,1,0,1,1,0,1,0.33327
1,2,1,1,1,2,18,3,0.42351
1,2,1,1,2,1,13,3,0.44414
0,2,1,0,1,2,0,1,0.35967
1,2,1,1,1,1,19,3,0.36419
0,2,1,0,2,1,0,1,0.34256
0,2,1,0,2,2,0,1,0.39862
0,2,1,0,1,1,0,1,0.40447
1,2,1,1,2,2,10,3,0.4396
1,2,1,1,1,2,18,3,0.43454
1,2,1,1,1,1,11,3,0.36061
0,2,1,0,2,2,0,1,0.39826
0,2,1,0,2,1,0,1,0.31825
0,2,1,0,1,1,0,1,0.3352
0,2,1,0,1,1,0,1,0.28565
0,2,1,0,1,2,0,1,0.34179
0,2,1,0,1,2,0,1,0.26957
0,2,1,0,1,1,0,1,0.21984
0,2,1,0,1,1,0,1,0.24987
0,2,1,0,1,1,0,1,0.29338
0,2,1,0,1,2,0,1,0.37703
0,2,1,0,2,2,0,1,0.30955
0,2,1,0,1,1,0,1,0.25823
0,2,1,0,1,1,0,1,0.33122
0,2,1,0,1,2,0,1,0.27975
1,2,1,1,1,2,18,3,0.45667
0,2,1,0,1,1,0,1,0.27426
1,2,1,1,2,2,17,1,0.29481
0,2,1,0,2,2,0,1,0.31909
1,2,1,1,2,2,11,3,0.4112
0,2,1,0,2,1,0,1,0.31064
0,2,1,0,2,2,0,1,0.32878
1,2,1,1,2,1,19,1,0.26148
0,2,1,0,2,2,0,1,0.32545
0,2,1,0,2,2,0,1,0.33038
0,2,1,0,2,2,0,1,0.31901
0,2,1,0,1,1,0,1,0.32582
0,2,1,0,1,1,0,1,0.34048
0,2,1,0,1,2,0,1,0.33367
0,2,1,0,2,1,0,1,0.32127
0,2,1,0,2,1,0,1,0.33609
0,2,1,0,1,1,0,1,0.32328
0,2,1,0,2,2,0,1,0.31314
0,2,1,0,2,2,0,1,0.32728
1,2,1,1,2,2,13,3,0.44341
0,2,1,0,1,2,0,1,0.32563
0,2,1,0,1,2,0,1,0.29582
0,2,1,0,2,1,0,1,0.29399
1,2,1,1,2,1,21,3,0.42549
0,2,1,0,2,2,0,1,0.31175
1,2,1,1,2,2,17,3,0.42567
0,2,1,0,1,1,0,1,0.30331
0,2,1,0,2,1,0,1,0.48343
0,2,1,0,2,2,0,1,0.31965
0,2,1,0,1,2,0,1,0.36801
1,2,1,1,2,1,15,3,0.47275
0,2,1,0,2,2,0,1,0.35372
1,2,1,1,1,1,21,3,0.42285
0,2,1,0,2,1,0,1,0.30768
0,2,1,0,1,1,0,1,0.30095
0,2,2,0,1,1,0,1,0.31374
0,2,2,0,1,2,0,1,0.30558
0,2,2,0,2,2,0,1,0.31318
0,2,2,0,1,2,0,1,0.26849
1,2,2,1,2,2,15,1,0.24533
0,2,2,0,1,2,0,1,0.40066
1,2,2,1,2,2,18,3,0.40079
1,2,2,1,1,2,16,3,0.39952
0,2,2,0,2,2,0,1,0.30798
0,2,2,0,2,2,0,1,0.44101
0,2,2,0,1,2,0,1,0.38289
0,2,2,0,1,1,0,1,0.33992
1,2,2,1,2,1,16,3,0.41006
1,2,2,1,2,1,10,3,0.42539
0,2,2,0,1,2,0,1,0.46446
0,2,2,0,1,2,0,1,0.41398
0,2,2,0,2,2,0,1,0.34508
0,2,2,0,1,1,0,1,0.36887
0,2,2,0,2,1,0,1,0.35546
1,2,2,1,1,2,10,3,0.38776
0,2,2,0,1,2,0,1,0.30658
0,2,2,0,1,2,0,1,0.34799
0,2,2,0,1,2,0,1,0.33389
1,2,2,1,1,2,17,3,0.42158
0,2,2,0,2,1,0,1,0.33651
0,2,2,0,1,2,0,1,0.33062
0,2,2,0,1,2,0,1,0.32244
1,2,2,1,2,2,19,3,0.45732
0,2,2,0,1,1,0,1,0.37621
0,2,2,0,1,1,0,1,0.34049
1,2,2,1,2,1,20,3,0.43783
0,2,2,0,1,2,0,1,0.30683
0,2,2,0,1,2,0,1,0.3372
0,2,2,0,2,2,0,1,0.33515
0,2,2,0,2,2,0,1,0.40154
0,2,2,0,2,2,0,1,0.29496
0,2,2,0,2,2,0,1,0.3206
0,2,2,0,2,1,0,1,0.35255
0,2,2,0,2,1,0,1,0.31652
0,2,2,0,1,2,0,1,0.37581
0,2,2,0,1,1,0,1,0.3448
1,2,2,1,2,2,10,3,0.47236
0,2,2,0,2,1,0,1,0.31091
0,2,2,0,2,1,0,1,0.30553
0,2,2,0,1,2,0,1,0.37876
0,2,2,0,2,2,0,1,0.27782
1,2,2,1,2,1,13,1,0.28157
0,2,2,0,1,2,0,1,0.29916
0,2,2,0,1,2,0,1,0.38164
0,2,2,0,2,1,0,1,0.35367
0,2,2,0,2,1,0,1,0.38646
0,2,2,0,2,2,0,1,0.31242
1,2,2,1,1,1,10,3,0.47438
0,2,2,0,1,1,0,1,0.3386
1,2,2,1,1,2,18,3,0.44878
1,2,2,1,2,2,15,3,0.44439
0,2,2,0,1,1,0,1,0.37936
1,2,2,1,2,1,12,3,0.43666
0,2,2,0,2,1,0,1,0.36969
0,2,2,0,1,1,0,1,0.3737
0,2,2,0,1,2,0,1,0.35849
0,2,2,0,1,2,0,1,0.38519
1,2,2,1,1,1,16,1,0.29041
0,2,2,0,1,2,0,1,0.3544
0,2,2,0,2,1,0,1,0.35199
0,2,2,0,1,1,0,1,0.35872
0,2,2,0,1,2,0,1,0.3585
0,2,2,0,2,2,0,1,0.32216
1,2,2,1,1,1,12,3,0.63642
1,2,2,1,1,1,15,3,0.46221
0,2,2,0,2,1,0,1,0.33915
0,2,2,0,2,2,0,1,0.42398
0,2,2,0,1,2,0,1,0.46243
0,2,2,0,1,1,0,1,0.34268
1,2,2,1,2,1,10,3,0.44694
0,2,2,0,2,1,0,1,0.30892
1,2,2,1,1,1,15,3,0.43555
0,2,2,0,1,1,0,1,0.33049
0,2,2,0,1,1,0,1,0.349
0,2,2,0,1,2,0,1,0.33056
0,2,1,0,1,1,0,1,0.40806
0,2,1,0,2,1,0,1,0.35034
0,2,1,0,2,1,0,1,0.32286
0,2,1,0,1,2,0,1,0.29795
0,2,1,0,1,1,0,1,0.32844
0,2,1,0,2,2,0,1,0.24514
1,2,1,1,1,1,16,3,0.45642
0,2,1,0,2,2,0,1,0.31119
0,2,1,0,1,1,0,1,0.32612
1,2,1,1,1,1,15,3,0.41559
0,2,1,0,2,2,0,1,0.29172
0,2,1,0,1,1,0,1,0.37427
0,2,1,0,1,2,0,3,0.31524
1,2,1,1,2,2,16,3,0.42349
0,2,1,0,1,2,0,1,0.27645
1,2,1,1,1,2,17,1,0.26529
0,2,1,0,1,2,0,1,0.29143
0,2,1,0,1,1,0,1,0.33292
0,2,1,0,1,1,0,1,0.35284
1,2,1,1,2,2,14,3,0.36633
0,2,1,0,2,1,0,1,0.31931
0,2,1,0,1,1,0,1,0.29434
0,2,1,0,2,1,0,1,0.32679
0,2,1,0,1,1,0,1,0.4398
0,2,1,0,1,1,0,1,0.35602
0,2,1,0,1,1,0,1,0.36376
0,2,1,0,2,1,0,1,0.35892
1,2,1,1,1,1,11,3,0.3763
0,2,1,0,1,2,0,1,0.25834
1,2,1,1,2,2,21,3,0.41318
0,2,1,0,2,2,0,1,0.26679
1,2,1,1,1,2,10,3,0.41983
0,2,1,0,1,2,0,1,0.33098
0,2,1,0,1,2,0,1,0.33216
0,2,1,0,2,2,0,1,0.31578
1,2,1,1,2,2,15,3,0.49913
0,2,1,0,2,2,0,1,0.27764
0,2,1,0,1,2,0,1,0.33624
0,2,1,0,2,2,0,1,0.32605
0,2,1,0,2,1,0,1,0.31999
0,2,1,0,2,2,0,1,0.3471
0,2,1,0,1,2,0,1,0.42695
0,2,1,0,2,1,0,1,0.33525
0,2,1,0,2,2,0,1,0.31904
0,2,1,0,1,1,0,1,0.32444
0,2,1,0,1,1,0,1,0.34671
0,2,1,0,1,2,0,1,0.33444
0,2,1,0,2,1,0,1,0.32204
0,2,1,0,2,1,0,1,0.33476
0,2,1,0,2,1,0,1,0.31946
0,2,1,0,2,1,0,1,0.3671
0,2,1,0,2,2,0,1,0.27409
0,2,1,0,2,1,0,1,0.33107
0,2,1,0,1,2,0,1,0.31043
1,2,1,1,1,1,13,3,0.49561
0,2,1,0,1,1,0,1,0.31323
1,2,1,1,2,1,15,3,0.41377
0,2,1,0,1,1,0,1,0.27888
0,2,1,0,2,1,0,1,0.29271
1,2,1,1,1,2,12,1,0.32043
0,2,1,0,1,2,0,1,0.35281
0,2,1,0,1,1,0,1,0.3243
0,2,1,0,1,2,0,1,0.35701
1,2,1,1,2,2,14,3,0.33978
0,2,1,0,2,1,0,1,0.29438
0,2,1,0,1,2,0,1,0.32543
0,2,1,0,1,1,0,1,0.32709
0,2,1,0,2,2,0,1,0.28722
1,2,1,1,2,1,11,3,0.40646
1,2,1,1,1,2,12,1,0.28758
0,2,1,0,2,2,0,1,0.31952
1,2,1,1,2,2,15,3,0.4023
0,2,1,0,2,1,0,1,0.3083
0,2,1,0,1,2,0,1,0.27248
0,2,1,0,1,2,0,1,0.30879
0,2,1,0,1,2,0,1,0.29156
0,2,1,0,2,2,0,1,0.30939
0,2,1,0,2,1,0,1,0.33658
0,2,1,0,2,2,0,1,0.24322
0,2,1,0,2,1,0,1,0.28039
0,1,2,0,2,1,0,1,0.3943
0,1,2,0,1,2,0,1,0.3657
0,1,2,0,1,2,0,1,0.45619
1,1,2,1,2,2,21,3,0.39666
0,1,2,0,2,1,0,1,0.37878
1,1,2,1,2,2,19,3,0.36557
1,1,2,1,2,1,12,3,0.43096
1,1,2,1,2,1,10,3,0.3523
0,1,2,0,1,1,0,1,0.41543
1,1,2,1,2,1,18,3,0.35171
1,1,2,1,1,2,11,3,0.35136
1,1,2,1,1,2,13,3,0.36723
1,1,2,1,2,2,11,3,0.34252
1,1,2,1,2,2,20,3,0.43961
1,1,2,1,2,2,12,3,0.39279
1,1,2,1,2,1,17,3,0.42832
0,1,2,0,1,2,0,1,0.38526
1,1,2,1,1,2,15,3,0.37893
1,1,2,1,1,1,15,3,0.35412
0,1,2,0,1,2,0,1,0.48979
1,1,2,1,1,2,13,3,0.35559
1,1,2,1,2,2,17,3,0.35029
1,1,2,1,2,2,17,3,0.3461
1,1,2,1,2,2,10,3,0.38628
1,1,2,1,2,1,15,3,0.33557
1,1,2,1,1,2,10,3,0.36434
0,1,2,0,2,1,0,1,0.38324
1,1,2,1,2,1,15,3,0.36967
1,1,2,1,2,2,18,3,0.35915
1,1,2,1,1,2,19,3,0.38594
0,1,2,0,1,1,0,1,0.40233
1,1,2,1,2,2,19,3,0.37024
1,1,2,1,1,1,10,3,0.36223
1,1,2,1,1,2,20,3,0.36579
0,1,2,0,2,1,0,1,0.36119
0,1,2,0,1,1,0,1,0.45976
1,1,2,1,2,2,14,3,0.43571
1,1,2,1,2,1,14,3,0.40746
0,1,2,0,1,2,0,1,0.3646
0,1,2,0,2,2,0,1,0.31204
1,1,2,1,1,2,17,3,0.46838
1,1,2,1,1,1,15,3,0.37584
1,1,2,1,1,1,13,3,0.35092
0,1,2,0,2,1,0,1,0.3563
0,1,2,0,2,2,0,1,0.41833
1,1,2,1,1,1,17,3,0.33911
1,1,2,1,1,1,19,3,0.43876
0,1,2,0,2,2,0,1,0.42289
1,1,2,1,1,2,14,3,0.38494
1,1,2,1,2,1,14,3,0.3558
1,1,2,1,2,1,16,3,0.35618
0,1,2,0,2,1,0,1,0.4034
0,1,2,0,1,1,0,1,0.47427
1,1,2,1,1,1,10,3,0.40658
1,1,2,1,1,1,18,3,0.42006
1,1,2,1,2,1,16,3,0.39656
1,1,2,1,2,2,12,3,0.38526
1,1,2,1,1,2,13,3,0.37727
1,1,2,1,2,2,15,3,0.37503
1,1,2,1,1,1,21,3,0.38418
0,1,2,0,1,1,0,1,0.34936
1,1,2,1,2,1,17,3,0.36894
1,1,2,1,1,1,20,3,0.33404
1,1,2,1,2,1,16,3,0.38794
1,1,2,1,1,1,12,3,0.37605
1,1,2,1,2,2,20,3,0.38499
0,1,2,0,1,1,0,1,0.32672
1,1,2,1,1,1,20,3,0.33323
1,1,2,1,2,1,11,3,0.33898
1,1,2,1,2,2,18,3,0.39693
1,1,2,1,1,1,11,3,0.50972
1,1,2,1,2,1,12,3,0.35802
1,1,2,1,1,1,21,3,0.37836
1,1,2,1,1,1,15,3,0.39482
1,1,2,1,2,1,11,3,0.34439
1,1,2,1,2,2,14,3,0.34541
1,1,2,1,2,2,10,3,0.39105
1,1,2,1,2,1,10,3,0.3513
1,1,2,1,2,2,13,3,0.38157
1,1,2,1,2,1,20,3,0.36794
1,1,1,1,1,1,13,3,0.60023
1,1,1,1,1,1,11,3,0.33674
1,1,1,1,2,2,11,3,0.32165
1,1,1,1,2,1,17,3,0.30319
1,1,1,1,1,2,20,3,0.36133
0,1,1,0,2,2,0,1,0.35591
1,1,1,1,1,1,16,3,0.34166
1,1,1,1,1,2,12,3,0.34408
0,1,1,0,2,1,0,1,0.3339
1,1,1,1,1,2,10,3,0.33677
1,1,1,1,2,2,19,3,0.42425
0,1,1,0,2,2,0,1,0.42766
0,1,1,0,2,2,0,1,0.41864
1,1,1,1,2,1,20,3,0.32382
1,1,1,1,2,2,11,3,0.33415
1,1,1,1,2,2,18,3,0.29781
0,1,1,0,1,1,0,1,0.38651
1,1,1,1,2,2,11,3,0.32466
0,1,1,0,1,2,0,1,0.40761
1,1,1,1,2,1,13,3,0.35151
0,1,1,0,1,1,0,1,0.37412
0,1,1,0,2,1,0,1,0.39863
1,1,1,1,1,1,16,3,0.25923
1,1,1,1,2,2,21,3,0.35377
0,1,1,0,1,1,0,1,0.32603
1,1,1,1,1,2,15,3,0.34215
1,1,1,1,2,1,20,3,0.37188
1,1,1,1,1,1,11,3,0.40657
0,1,1,0,2,2,0,1,0.37182
1,1,1,1,2,2,15,3,0.35835
1,1,1,1,2,2,14,3,0.39093
1,1,1,1,2,2,19,3,0.35797
1,1,1,1,1,2,10,3,0.33793
0,1,1,0,1,1,0,1,0.31606
1,1,1,1,2,1,18,3,0.38011
1,1,1,1,1,1,19,3,0.34237
0,1,1,0,1,1,0,1,0.34029
1,1,1,1,1,1,14,3,0.37479
1,1,1,1,1,1,18,3,0.36616
1,1,1,1,2,2,21,3,0.32737
0,1,2,0,2,1,0,1,0.44445
1,1,2,1,1,2,17,1,0.37207
1,1,2,1,2,1,12,3,0.34202
1,1,2,1,1,2,12,3,0.33071
0,1,2,0,2,2,0,1,0.55217
1,1,2,1,2,1,11,3,0.34675
1,1,2,1,1,1,21,3,0.31265
1,1,2,1,1,2,13,3,0.39987
1,1,2,1,1,2,12,3,0.35348
1,1,2,1,2,1,17,3,0.36319
1,1,2,1,2,2,19,3,0.35335
1,1,2,1,2,2,16,3,0.39254
1,1,2,1,1,2,17,3,0.34607
0,1,2,0,1,1,0,1,0.38262
1,1,2,1,2,1,16,3,0.39491
0,1,2,0,2,2,0,1,0.4263
1,1,2,1,2,2,16,3,0.36096
0,1,2,0,1,1,0,1,0.33031
1,1,2,1,1,1,21,3,0.40929
1,1,2,1,2,2,20,3,0.43414
1,1,2,1,1,2,11,3,0.37362
0,1,2,0,1,1,0,1,0.45588
0,1,2,0,2,1,0,1,0.45493
1,1,2,1,2,2,18,3,0.3919
1,1,2,1,2,1,17,3,0.38583
1,1,2,1,1,2,17,3,0.33429
1,1,2,1,1,2,15,3,0.37401
0,1,2,0,1,2,0,1,0.42849
1,1,2,1,1,2,21,3,0.36974
1,1,2,1,2,1,13,3,0.41114
1,1,2,1,2,1,15,3,0.33438
0,1,2,0,2,2,0,3,0.34547
0,1,2,0,1,2,0,1,0.40108
1,1,2,1,2,2,11,3,0.3882
1,1,2,1,2,2,10,3,0.3587
0,1,2,0,1,1,0,1,0.36447
1,1,2,1,1,1,15,3,0.47414
1,1,2,1,1,1,10,3,0.42538
0,1,2,0,1,2,0,1,0.32085
1,1,2,1,2,1,12,1,0.44571
1,1,1,1,1,2,18,3,0.54503
0,1,1,0,1,1,0,1,0.34541
1,1,1,1,1,2,14,3,0.38065
1,1,1,1,2,1,16,3,0.33669
0,1,1,0,2,2,0,1,0.3419
0,1,1,0,1,1,0,1,0.59018
1,1,1,1,1,1,11,3,0.33109
0,1,1,0,1,1,0,1,0.3604
1,1,1,1,1,1,17,3,0.37332
1,1,1,1,1,2,19,3,0.415
1,1,1,1,2,1,15,3,0.39434
1,1,1,1,2,2,12,3,0.37411
1,1,1,1,2,2,15,3,0.35681
1,1,1,1,1,1,10,3,0.47952
1,1,1,1,2,2,18,3,0.38981
1,1,1,1,1,1,18,3,0.35944
1,1,1,1,2,2,14,3,0.36436
1,1,1,1,1,2,12,3,0.36183
1,1,1,1,2,1,12,3,0.34812
0,1,1,0,1,1,0,1,0.40242
1,1,1,1,2,1,12,3,0.31585
1,1,1,1,1,1,18,3,0.383
0,1,1,0,2,1,0,1,0.37421
1,1,1,1,1,1,19,3,0.31492
1,1,1,1,1,2,14,3,0.38893
0,1,1,0,1,2,0,1,0.38912
1,1,1,1,2,1,10,3,0.29944
1,1,1,1,1,2,10,3,0.3822
1,1,1,1,2,2,15,3,0.44431
0,1,1,0,2,1,0,1,0.35943
1,1,1,1,2,2,18,3,0.36572
1,1,1,1,2,1,15,3,0.34414
1,1,1,1,1,2,16,3,0.35151
1,1,1,1,1,1,11,3,0.32627
0,1,1,0,1,2,0,3,0.30443
0,1,1,0,1,1,0,1,0.42085
1,1,1,1,1,1,18,3,0.32867
0,1,1,0,2,2,0,1,0.3897
1,1,1,1,2,1,12,3,0.46866
0,1,1,0,2,2,0,1,0.39749
1,1,2,1,2,1,14,3,0.51282
1,1,2,1,2,1,19,3,0.45263
1,1,2,1,1,2,11,3,0.64301
1,1,2,1,1,1,16,3,0.4058
1,1,2,1,2,2,18,3,0.36462
1,1,2,1,1,2,18,3,0.35164
0,1,2,0,2,2,0,1,0.44338
1,1,2,1,2,2,14,3,0.36073
0,1,2,0,1,2,0,1,0.3747
0,1,2,0,1,1,0,1,0.45678
1,1,2,1,2,1,11,3,0.3618
0,1,2,0,1,1,0,1,0.39251
1,1,2,1,2,2,20,3,0.40068
1,1,2,1,1,2,11,3,0.39254
1,1,2,1,2,2,12,3,0.40574
1,1,2,1,2,2,13,3,0.36548
1,1,2,1,2,1,15,3,0.37587
1,1,2,1,2,1,21,3,0.35749
1,1,2,1,1,2,12,3,0.38112
1,1,2,1,2,1,20,3,0.36822
0,1,2,0,1,2,0,1,0.58429
1,1,2,1,2,1,10,3,0.3402
1,1,2,1,2,2,13,3,0.36341
1,1,2,1,2,2,15,3,0.35292
1,1,2,1,1,1,10,3,0.3678
0,1,2,0,1,1,0,1,0.44345
1,1,2,1,2,2,19,3,0.37359
1,1,2,1,1,1,10,3,0.36019
1,1,2,1,1,2,21,3,0.37361
1,1,2,1,1,1,18,3,0.40224
1,1,2,1,2,2,15,3,0.40357
0,1,2,0,1,1,0,1,0.42411
0,1,2,0,1,2,0,3,0.3288
1,1,2,1,2,2,21,3,0.36648
0,1,2,0,2,1,0,1,0.40664
1,1,2,1,2,2,10,3,0.34018
0,1,2,0,1,1,0,1,0.43414
1,1,2,1,2,2,14,3,0.43596
1,1,2,1,1,1,16,3,0.34017
1,1,2,1,1,2,14,3,0.38141
1,1,1,1,2,2,20,3,0.49701
1,1,1,1,2,1,14,3,0.40018
0,1,1,0,1,2,0,1,0.43225
0,1,1,0,1,2,0,1,0.45048
1,1,1,1,2,2,11,3,0.33461
1,1,1,1,1,1,10,3,0.35084
1,1,1,1,1,1,12,3,0.35375
0,1,1,0,1,1,0,1,0.47493
1,1,1,1,2,2,14,3,0.34928
0,1,1,0,2,1,0,1,0.41056
1,1,1,1,1,2,19,3,0.37453
1,1,1,1,1,1,21,3,0.4148
1,1,1,1,2,1,17,3,0.40568
1,1,1,1,2,2,21,3,0.35676
1,1,1,1,2,2,12,3,0.34835
1,1,1,1,1,2,11,3,0.34839
1,1,1,1,1,1,20,3,0.36009
1,1,1,1,2,1,14,3,0.3442
1,1,1,1,2,2,15,3,0.35957
1,1,1,1,2,2,14,3,0.29912
1,1,1,1,1,2,19,3,0.38729
0,1,1,0,1,2,0,3,0.34837
1,1,1,1,1,2,18,3,0.33849
1,1,1,1,2,1,20,3,0.3776
1,1,1,1,2,2,19,3,0.38354
1,1,1,1,2,2,15,3,0.39297
0,1,1,0,2,1,0,1,0.35897
1,1,1,1,2,1,19,3,0.36612
1,1,1,1,1,2,13,3,0.40093
1,1,1,1,1,2,14,3,0.33976
1,1,1,1,2,2,18,3,0.36564
1,1,1,1,1,1,21,3,0.35902
1,1,1,1,1,1,15,3,0.35641
1,1,1,1,1,1,21,3,0.3572
0,1,1,0,2,1,0,1,0.37008
0,1,1,0,2,1,0,1,0.5524
0,1,1,0,2,2,0,1,0.41849
1,1,1,1,1,2,14,3,0.36235
0,1,1,0,2,1,0,1,0.53188
1,1,1,1,2,1,20,3,0.33602
1,1,1,1,1,1,13,3,0.37089
1,1,1,1,2,1,14,3,0.36843
1,1,1,1,2,2,14,3,0.36339
1,1,1,1,2,1,11,3,0.33388
1,1,1,1,1,2,20,3,0.38336
1,1,1,1,1,2,12,3,0.40123
1,1,1,1,1,1,12,3,0.39734
1,1,1,1,2,2,21,3,0.39431
1,1,1,1,2,1,17,3,0.40449
0,1,1,0,2,2,0,1,0.33247
1,1,1,1,1,1,20,3,0.34787
1,1,1,1,1,1,18,3,0.33062
0,1,1,0,2,1,0,1,0.36709
0,1,1,0,2,1,0,1,0.52478
1,1,1,1,1,2,20,3,0.33755
1,1,1,1,2,2,17,3,0.38061
1,1,1,1,2,2,18,3,0.29944
1,1,1,1,2,1,16,3,0.37055
1,1,1,1,2,2,20,3,0.34625
1,1,1,1,1,1,11,3,0.80651
1,1,1,1,1,1,15,3,0.39857
1,1,1,1,1,2,18,3,0.3428
0,1,1,0,2,2,0,1,0.38055
1,1,1,1,2,1,13,3,0.33467
1,1,1,1,1,1,19,3,0.3297
1,1,1,1,2,2,19,3,0.34904
0,1,1,0,1,1,0,1,0.6003
1,1,1,1,2,2,13,3,0.349
0,1,1,0,2,1,0,1,0.41964
1,1,1,1,2,2,19,3,0.36635
1,1,1,1,2,1,13,3,0.83276
0,1,1,0,2,1,0,1,0.34468
1,1,1,1,1,2,16,3,0.34327
1,1,1,1,2,2,21,3,0.3504
0,1,1,0,2,2,0,1,0.39465
0,1,1,0,2,1,0,3,0.31978
1,1,1,1,2,2,18,3,0.37245
1,1,1,1,2,1,16,3,0.33633
0,1,1,0,1,1,0,1,0.3433
1,1,1,1,1,1,19,3,0.32306
0,1,2,0,1,2,0,1,0.32175
0,1,2,0,1,2,0,1,0.37039
0,1,2,0,2,2,0,1,0.30787
1,1,2,1,2,1,18,3,0.48689
1,1,2,1,1,1,16,3,0.56516
1,1,2,1,1,1,20,3,0.38553
1,1,2,1,2,2,16,3,0.36391
1,1,2,1,2,1,20,3,0.33917
1,1,2,1,1,1,18,3,0.35762
1,1,2,1,1,1,18,3,0.316
1,1,2,1,2,2,12,3,0.33358
1,1,2,1,2,2,14,3,0.48651
1,1,2,1,2,2,16,3,0.32081
1,1,2,1,1,1,18,3,0.30381
1,1,2,1,1,1,10,3,0.37613
1,1,2,1,1,1,10,3,0.32915
1,1,2,1,1,1,10,3,0.32469
1,1,2,1,2,2,14,3,0.33084
1,1,2,1,2,1,12,3,0.31905
1,1,2,1,1,2,17,3,0.37964
1,1,2,1,2,1,17,3,0.31735
1,1,2,1,2,2,12,3,0.35051
1,1,2,1,1,1,19,3,0.3526
1,1,2,1,1,2,15,3,0.34421
1,1,2,1,1,1,17,3,0.34013
1,1,2,1,2,1,13,3,0.38537
1,1,2,1,2,2,11,3,0.3203
1,1,2,1,2,2,21,3,0.36217
1,1,2,1,1,2,16,3,0.36146
0,1,2,0,1,1,0,1,0.45162
1,1,2,1,2,1,18,3,0.57864
1,1,2,1,1,2,19,3,0.39594
1,1,2,1,1,1,12,3,0.35199
1,1,2,1,1,1,18,3,0.41919
1,1,2,1,2,2,15,3,0.34258
1,1,2,1,1,2,10,3,0.34992
1,1,2,1,1,1,20,3,0.38561
1,1,2,1,2,1,21,3,0.40169
1,1,2,1,1,2,21,3,0.37661
1,1,2,1,1,1,15,3,0.37095
1,1,1,1,1,2,17,3,0.59813
1,1,1,1,1,2,16,3,0.35871
1,1,1,1,1,1,18,3,0.50797
0,1,1,0,1,1,0,1,0.44286
0,1,1,0,2,2,0,1,0.47855
1,1,1,1,1,1,14,3,0.38272
1,1,1,1,1,1,19,3,0.32954
1,1,1,1,2,1,21,3,0.33257
1,1,1,1,1,1,20,3,0.34338
1,1,1,1,1,2,19,3,0.35576
1,1,1,1,1,2,19,3,0.27879
1,1,1,1,1,1,13,3,0.29974
0,1,1,0,2,2,0,1,0.44284
0,1,1,0,1,1,0,3,0.31195
1,1,1,1,1,2,12,3,0.31541
1,1,1,1,1,2,20,3,0.30798
1,1,1,1,1,1,18,3,0.14486
1,1,1,1,1,1,17,3,0.32466
1,1,1,1,2,1,14,3,0.33159
0,1,1,0,2,1,0,1,0.44718
1,1,1,1,1,2,21,3,0.34046
1,1,1,1,2,1,18,3,0.29884
0,1,1,0,2,2,0,1,0.36158
0,1,1,0,2,2,0,1,0.44723
1,1,1,1,2,1,14,3,0.34476
1,1,1,1,1,2,15,3,0.36852
0,1,1,0,2,1,0,1,0.4196
1,1,1,1,2,1,10,3,0.28456
1,1,1,1,2,2,13,3,0.35024
1,1,1,1,1,1,16,1,0.39522
1,1,1,1,1,1,13,3,0.33205
1,1,1,1,2,1,18,3,0.36052
1,1,1,1,2,1,15,3,0.22993
1,1,1,1,1,2,21,3,0.33884
1,1,1,1,2,2,13,3,0.35769
1,1,1,1,2,1,15,3,0.32546
0,1,1,0,2,2,0,1,0.4061
1,1,1,1,1,2,15,3,0.34226
0,1,1,0,1,2,0,3,0.39909
1,1,1,1,2,1,17,3,0.43573
