0,3,1,0,2,2,0,1,1.3116
0,3,1,0,1,2,0,1,1.1594
0,3,1,0,1,2,0,1,1.1462
0,3,1,0,2,1,0,1,1.3088
1,3,1,1,2,2,19,3,0.74577
1,3,1,1,2,1,20,3,0.43647
1,3,1,1,2,1,17,3,0.42316
0,3,1,0,1,1,0,1,0.54315
0,3,1,0,1,1,0,1,0.48438
0,3,1,0,2,2,0,1,0.37489
1,3,1,1,2,2,14,3,0.50572
0,3,1,0,1,1,0,1,0.65506
1,3,1,1,2,1,12,3,0.4467
0,3,1,0,2,2,0,1,0.47093
1,3,1,1,1,2,11,3,0.54532
0,3,1,0,2,2,0,1,0.37483
1,3,1,1,2,2,21,3,0.43605
0,3,1,0,1,1,0,3,0.40399
1,3,1,1,1,1,14,3,0.88677
0,3,1,0,2,2,0,1,0.36926
0,3,1,0,2,2,0,1,0.42786
0,3,1,0,1,2,0,1,0.52918
0,3,1,0,2,2,0,1,0.60916
0,3,1,0,1,1,0,1,0.4169
0,3,1,0,2,1,0,1,0.49417
1,3,1,1,1,1,18,3,0.5741
0,3,1,0,2,2,0,1,0.44909
0,3,1,0,1,1,0,1,0.60088
0,3,1,0,1,2,0,1,0.51546
0,3,1,0,2,1,0,1,0.3714
1,3,1,1,2,2,19,3,0.49941
0,3,1,0,2,2,0,1,0.48081
1,3,1,1,1,2,14,3,0.59007
0,3,1,0,1,2,0,1,0.39799
0,3,1,0,2,2,0,1,0.38457
1,3,1,1,1,2,12,1,0.30724
0,3,1,0,1,2,0,1,0.37889
1,3,1,1,2,1,13,3,0.45888
0,3,1,0,2,2,0,1,0.42158
1,3,1,1,2,1,18,3,0.47768
0,3,2,0,2,2,0,1,1.1787
0,3,2,0,1,2,0,1,0.46909
1,3,2,1,1,1,17,3,0.51972
0,3,2,0,2,1,0,1,0.60251
1,3,2,1,1,2,14,3,0.46641
0,3,2,0,1,2,0,1,0.40496
0,3,2,0,2,1,0,1,0.70109
0,3,2,0,1,2,0,1,0.63959
0,3,2,0,1,1,0,1,0.70632
1,3,2,1,2,1,13,3,0.47965
1,3,2,1,2,2,11,3,0.48751
1,3,2,1,2,2,19,3,0.43125
0,3,2,0,1,1,0,1,0.47133
0,3,2,0,2,2,0,1,0.46848
0,3,2,0,2,2,0,1,0.40173
0,3,2,0,1,1,0,1,0.42326
1,3,2,1,2,1,20,3,0.466
1,3,2,1,1,2,14,3,0.57226
1,3,2,1,1,1,13,3,0.49493
1,3,2,1,2,2,13,3,0.46024
0,3,2,0,1,2,0,1,0.65239
0,3,2,0,1,1,0,1,0.60422
1,3,2,1,1,2,11,3,0.46009
1,3,2,1,2,1,18,3,0.49474
0,3,2,0,1,1,0,1,0.51092
0,3,2,0,2,2,0,1,0.59886
0,3,2,0,1,2,0,1,0.41995
0,3,2,0,2,1,0,1,0.49976
1,3,2,1,2,1,10,3,0.43043
0,3,2,0,2,1,0,1,0.48111
0,3,2,0,1,1,0,1,0.55845
1,3,2,1,1,2,12,3,0.46225
0,3,2,0,2,1,0,1,0.6971
1,3,2,1,2,2,20,3,0.49178
0,3,2,0,1,1,0,1,0.78494
1,3,2,1,1,1,18,3,0.51843
0,3,2,0,2,1,0,1,0.55816
1,3,2,1,2,1,15,3,0.53149
1,3,2,1,2,1,17,3,0.48075
0,3,2,0,2,1,0,1,0.55538
1,3,2,1,1,2,14,3,0.57644
0,3,2,0,1,2,0,1,0.3818
0,3,2,0,2,1,0,1,0.5338
0,3,2,0,1,2,0,1,0.46456
0,3,2,0,1,2,0,1,0.54428
1,3,2,1,2,1,10,3,0.58416
0,3,2,0,2,1,0,1,0.63223
1,3,2,1,2,2,21,3,0.4615
1,3,2,1,1,2,13,3,0.50419
0,3,2,0,2,2,0,1,0.41079
0,3,2,0,1,2,0,1,0.51729
0,3,2,0,2,1,0,1,0.41046
0,3,2,0,2,2,0,1,0.41309
0,3,2,0,2,1,0,1,0.39724
0,3,2,0,2,2,0,1,0.34934
0,3,2,0,2,2,0,1,0.37841
0,3,2,0,1,1,0,1,0.46121
0,3,2,0,1,1,0,1,0.509
0,3,2,0,2,2,0,1,0.48789
0,3,2,0,1,2,0,1,0.41316
1,3,2,1,2,2,18,3,0.52508
1,3,2,1,1,1,14,3,0.49541
1,3,2,1,1,1,10,3,0.47397
0,3,2,0,2,1,0,1,0.54096
1,3,2,1,1,1,13,3,0.60478
1,3,2,1,1,1,13,3,0.5166
1,3,2,1,1,2,15,3,0.39673
1,3,2,1,2,1,19,3,0.49277
0,3,2,0,2,1,0,1,0.46583
0,3,2,0,1,2,0,1,0.4285
1,3,2,1,1,2,19,3,0.51105
0,3,2,0,2,1,0,1,0.32962
1,3,2,1,1,2,10,3,0.44172
1,3,2,1,2,2,16,3,0.42311
1,3,2,1,1,2,14,3,0.40967
1,3,2,1,2,2,14,3,0.42836
0,3,2,0,2,2,0,1,0.5934
1,3,2,1,1,1,16,3,0.54822
0,3,2,0,1,1,0,1,0.54008
0,3,2,0,2,1,0,1,0.76935
0,3,1,0,2,1,0,1,0.5367
0,3,1,0,1,2,0,1,0.37943
0,3,1,0,2,1,0,1,0.40085
0,3,1,0,1,1,0,1,0.78996
1,3,1,1,2,1,18,3,0.61411
1,3,1,1,2,1,19,3,0.40323
0,3,1,0,2,2,0,1,0.59804
0,3,1,0,1,2,0,1,0.56051
0,3,1,0,1,2,0,1,0.91793
1,3,1,1,2,2,15,3,0.46703
0,3,1,0,2,1,0,1,0.6296
0,3,1,0,1,1,0,1,0.60851
1,3,1,1,1,1,20,3,0.4908
1,3,1,1,1,1,21,3,0.50708
1,3,1,1,1,2,20,3,0.52037
1,3,1,1,1,1,17,3,0.50961
0,3,1,0,1,1,0,1,0.51483
0,3,1,0,1,2,0,1,0.96818
0,3,1,0,1,2,0,1,0.50667
0,3,1,0,1,1,0,1,0.45871
1,3,1,1,2,2,20,3,0.48793
0,3,1,0,2,2,0,1,0.51738
1,3,1,1,2,1,14,3,0.55729
1,3,1,1,2,1,18,3,0.45585
1,3,1,1,1,1,17,3,0.55724
0,3,1,0,2,2,0,1,0.66091
0,3,1,0,2,2,0,1,0.51428
0,3,1,0,1,1,0,1,0.73545
0,3,1,0,1,2,0,1,0.53272
1,3,1,1,1,2,14,1,0.43947
1,3,1,1,1,1,13,1,0.48497
1,3,1,1,2,2,10,3,0.49791
1,3,1,1,2,1,18,3,0.40204
1,3,1,1,1,2,19,3,0.50331
0,3,1,0,2,1,0,1,0.4711
0,3,1,0,2,2,0,1,0.48971
0,3,1,0,2,2,0,1,0.37255
1,3,1,1,2,2,13,3,0.51134
1,3,1,1,2,2,14,3,0.51648
0,3,1,0,1,1,0,1,0.73785
0,3,2,0,1,1,0,1,0.61496
1,3,2,1,1,2,14,3,0.55607
0,3,2,0,2,1,0,1,0.57499
0,3,2,0,2,2,0,1,0.59054
0,3,2,0,1,2,0,1,0.56674
1,3,2,1,2,2,17,3,0.51348
1,3,2,1,2,2,20,3,0.50249
1,3,2,1,2,2,16,3,0.45994
1,3,2,1,1,2,20,3,0.40108
1,3,2,1,1,1,15,3,0.45426
0,3,2,0,2,1,0,1,0.85453
0,3,2,0,2,2,0,1,0.60097
1,3,2,1,1,1,17,3,0.57156
1,3,2,1,2,1,13,3,0.62508
1,3,2,1,1,2,13,3,0.52619
1,3,2,1,2,2,18,3,0.54759
0,3,2,0,2,2,0,1,0.44322
1,3,2,1,1,1,19,3,1.4062
0,3,2,0,1,1,0,1,0.5446
0,3,2,0,1,1,0,1,0.48856
0,3,2,0,1,1,0,1,0.4727
1,3,2,1,2,1,12,3,0.47509
0,3,2,0,1,2,0,1,0.48041
1,3,2,1,2,2,18,3,0.4857
0,3,2,0,2,1,0,1,0.52582
1,3,2,1,2,2,11,3,0.45361
0,3,2,0,2,1,0,1,0.56033
0,3,2,0,2,2,0,1,0.52291
1,3,2,1,1,2,19,3,0.51747
0,3,2,0,2,1,0,1,0.48534
0,3,2,0,1,2,0,1,0.42136
1,3,2,1,1,1,11,3,0.49337
1,3,2,1,1,1,13,3,0.55728
1,3,2,1,1,2,13,3,0.61578
1,3,2,1,1,1,15,3,0.50127
0,3,2,0,2,1,0,1,0.50368
0,3,2,0,2,1,0,1,0.42664
0,3,2,0,1,2,0,1,0.43972
0,3,2,0,2,2,0,1,0.54901
1,3,2,1,1,1,18,3,0.47969
0,3,2,0,1,2,0,1,0.61787
0,3,2,0,2,2,0,1,0.38835
0,3,2,0,2,1,0,1,0.33775
0,3,2,0,2,1,0,1,0.26832
0,3,2,0,2,1,0,1,0.279
1,3,2,1,2,2,19,3,0.47919
1,3,2,1,1,1,21,3,0.38313
1,3,2,1,2,2,17,1,0.36425
0,3,2,0,1,2,0,1,0.43912
0,3,2,0,2,2,0,1,0.44669
0,3,2,0,1,1,0,1,0.34015
1,3,2,1,1,1,17,3,0.46821
0,3,2,0,2,1,0,1,0.59358
1,3,2,1,2,2,15,3,0.46781
1,3,2,1,2,1,10,3,0.39857
1,3,2,1,1,1,18,3,0.43044
1,3,2,1,2,1,16,3,0.49457
1,3,2,1,2,1,15,3,0.48099
0,3,2,0,1,1,0,1,0.61979
1,3,2,1,2,1,12,3,0.61963
1,3,2,1,1,1,17,3,0.46767
0,3,2,0,2,1,0,1,0.47304
1,3,2,1,1,2,10,3,0.42775
0,3,2,0,1,1,0,1,0.56081
0,3,2,0,2,1,0,1,0.58201
1,3,2,1,1,2,17,3,0.5686
1,3,2,1,1,2,16,3,0.4381
1,3,2,1,2,1,17,3,0.41151
0,3,2,0,1,2,0,1,0.52042
1,3,2,1,1,1,21,3,0.44855
1,3,2,1,1,1,19,3,0.38965
1,3,2,1,1,2,20,3,0.40589
0,3,2,0,2,2,0,1,0.49365
1,3,2,1,2,2,20,3,0.43255
0,3,2,0,2,1,0,1,0.55251
1,3,2,1,1,2,15,3,0.4777
0,3,2,0,2,2,0,1,0.39498
1,3,2,1,1,2,15,3,0.45622
0,3,2,0,2,1,0,1,0.46434
1,3,2,1,1,2,11,3,0.43754
1,3,1,1,1,1,15,3,0.70149
0,3,1,0,2,2,0,1,0.51989
0,3,1,0,1,1,0,1,0.62924
0,3,1,0,2,2,0,1,0.49829
0,3,1,0,1,2,0,1,0.41852
1,3,1,1,1,2,16,3,0.50352
0,3,1,0,1,1,0,1,0.43711
0,3,1,0,1,1,0,1,0.49842
0,3,1,0,1,2,0,1,0.52757
0,3,1,0,1,2,0,1,0.65545
1,3,1,1,1,2,19,3,0.57811
1,3,1,1,2,2,18,3,0.64466
0,3,1,0,2,1,0,1,0.42352
0,3,1,0,1,1,0,1,0.33014
0,3,1,0,2,1,0,1,0.38341
0,3,1,0,1,2,0,1,0.39639
1,3,1,1,1,2,21,3,0.50861
1,3,1,1,2,2,13,3,0.62839
1,3,1,1,1,1,11,3,0.44196
1,3,1,1,2,2,13,3,0.3882
0,3,1,0,2,1,0,1,0.37226
0,3,1,0,2,2,0,1,0.43373
0,3,1,0,1,2,0,1,0.42004
0,3,1,0,1,1,0,1,0.37214
1,3,1,1,2,2,10,3,0.5135
1,3,1,1,2,1,10,3,0.41227
0,3,1,0,2,2,0,1,0.50809
1,3,1,1,1,2,13,3,0.75086
1,3,1,1,2,2,18,3,0.68925
1,3,1,1,1,2,16,3,0.49203
1,3,1,1,1,2,11,3,0.40402
1,3,1,1,2,1,20,3,0.41714
1,3,1,1,1,2,12,3,0.43854
0,3,1,0,1,1,0,1,0.73457
0,3,1,0,1,2,0,1,0.77176
1,3,1,1,1,2,16,3,0.47027
1,3,1,1,2,2,12,3,0.48343
0,3,1,0,1,2,0,1,0.57417
0,3,1,0,1,1,0,1,0.52627
1,3,1,1,2,2,10,3,0.52857
1,3,1,1,1,2,19,3,0.49665
1,3,1,1,1,1,15,3,0.57931
1,3,1,1,2,2,16,3,0.40585
0,3,1,0,2,2,0,1,0.55504
1,3,1,1,1,1,12,3,0.62194
0,3,1,0,1,2,0,1,0.55504
0,3,1,0,2,2,0,1,0.51241
1,3,1,1,1,2,15,3,0.54702
0,3,1,0,2,2,0,1,0.6108
1,3,1,1,2,2,10,3,0.44567
1,3,1,1,1,1,10,3,0.41891
1,3,1,1,1,2,13,3,0.46689
1,3,1,1,1,2,18,3,0.40819
0,3,1,0,1,1,0,1,0.62923
1,3,1,1,2,2,12,3,0.49845
1,3,1,1,1,1,21,3,0.44802
0,3,1,0,2,1,0,1,0.52258
1,3,1,1,1,2,15,3,0.46103
1,3,1,1,2,2,10,3,0.47444
1,3,1,1,2,2,16,3,0.46624
1,3,1,1,2,2,16,3,0.39436
0,3,1,0,2,1,0,1,0.59174
0,3,1,0,1,1,0,3,0.49283
1,3,1,1,2,1,11,3,0.37831
1,3,1,1,1,1,13,3,0.50606
1,3,1,1,1,1,19,3,0.4636
0,3,1,0,2,1,0,1,0.46073
0,3,1,0,1,2,0,1,0.38084
1,3,1,1,1,1,15,3,0.54599
1,3,1,1,2,1,13,3,0.46337
0,3,1,0,1,1,0,1,0.52199
1,3,1,1,2,2,17,3,0.68978
0,3,1,0,2,1,0,1,0.59359
0,3,1,0,2,2,0,1,0.8124
0,3,1,0,1,2,0,1,0.48451
0,3,1,0,1,2,0,1,0.46545
0,3,1,0,1,1,0,1,0.52404
0,3,1,0,1,2,0,1,0.3964
1,3,1,1,2,1,10,3,0.54807
0,3,1,0,2,2,0,1,0.51337
1,3,2,1,1,2,20,3,0.74545
1,3,2,1,1,1,20,3,0.4973
1,3,2,1,1,1,20,3,0.40665
1,3,2,1,2,2,13,3,0.585
1,3,2,1,2,1,15,3,0.42521
0,3,2,0,2,1,0,1,0.54248
1,3,2,1,1,2,21,3,0.37449
0,3,2,0,1,2,0,1,0.54239
0,3,2,0,2,1,0,1,0.52342
0,3,2,0,1,1,0,1,0.61137
1,3,2,1,1,1,18,3,0.50486
1,3,2,1,1,2,17,3,0.49672
0,3,2,0,1,2,0,1,0.62472
1,3,2,1,1,2,13,3,0.49668
1,3,2,1,2,2,15,3,0.49381
1,3,2,1,1,2,17,3,0.44328
1,3,2,1,2,1,18,3,0.42448
1,3,2,1,1,1,13,3,0.48583
1,3,2,1,1,2,14,3,0.43785
1,3,2,1,2,2,13,3,0.40562
1,3,2,1,2,1,12,3,0.45365
1,3,2,1,2,1,21,3,0.4029
0,3,2,0,1,2,0,1,0.48276
0,3,2,0,1,1,0,1,0.66962
0,3,2,0,1,2,0,1,0.70392
1,3,2,1,2,2,12,3,0.45358
0,3,2,0,1,2,0,1,0.50932
0,3,2,0,1,2,0,1,0.55217
1,3,2,1,2,1,15,3,0.53871
0,3,2,0,1,2,0,1,0.46631
0,3,2,0,2,1,0,1,0.42359
1,3,2,1,2,1,16,3,0.46904
1,3,2,1,1,2,21,3,0.47181
1,3,2,1,1,1,13,3,0.65303
0,3,2,0,1,2,0,1,0.76501
1,3,2,1,2,1,10,3,0.45043
0,3,2,0,1,2,0,1,0.51398
1,3,2,1,1,2,15,3,0.49009
1,3,2,1,1,2,21,3,0.78858
1,3,2,1,1,2,11,3,0.49789
0,3,1,0,1,1,0,1,0.70863
1,3,1,1,2,1,17,3,0.4869
1,3,1,1,2,2,18,3,0.39375
1,3,1,1,1,2,20,3,0.47074
1,3,1,1,1,1,15,3,0.56408
1,3,1,1,1,1,14,3,0.49742
1,3,1,1,2,1,11,3,0.42832
0,3,1,0,1,1,0,1,0.5533
1,3,1,1,1,2,15,3,0.56146
1,3,1,1,2,1,18,3,0.56117
0,3,1,0,1,1,0,1,0.49192
1,3,1,1,1,1,16,3,0.57978
0,3,1,0,2,2,0,1,0.36371
1,3,1,1,1,1,20,3,0.59313
1,3,1,1,1,1,10,3,0.56126
1,3,1,1,2,1,12,3,0.51319
0,3,1,0,1,2,0,1,0.64086
0,3,1,0,2,2,0,1,0.43827
0,3,1,0,2,2,0,1,0.6144
1,3,1,1,2,1,19,3,0.51564
0,3,1,0,2,2,0,1,0.74198
1,3,1,1,2,1,20,3,0.53142
0,3,1,0,1,2,0,1,0.61672
1,3,1,1,1,2,17,3,0.69942
1,3,1,1,1,1,20,3,0.50468
1,3,1,1,2,2,16,3,0.45927
0,3,1,0,2,2,0,1,0.6563
1,3,1,1,2,2,13,3,0.52067
1,3,1,1,2,1,16,3,0.46716
0,3,1,0,2,1,0,1,0.66163
1,3,1,1,2,1,19,3,0.64036
1,3,1,1,1,2,10,3,0.59479
0,3,1,0,2,2,0,1,0.61361
1,3,1,1,1,1,11,1,0.4214
1,3,1,1,2,2,10,3,0.50673
0,3,1,0,1,1,0,1,0.5387
1,3,1,1,2,2,15,3,0.44289
0,3,1,0,1,2,0,1,0.63469
1,3,1,1,1,2,13,3,0.47472
0,3,1,0,2,1,0,1,0.6906
1,2,1,1,1,1,19,3,0.57276
0,2,1,0,2,1,0,1,0.55938
1,2,1,1,2,2,11,3,0.46617
0,2,1,0,1,1,0,1,0.45824
0,2,1,0,1,1,0,3,0.35945
0,2,1,0,1,1,0,1,0.5834
0,2,1,0,1,2,0,1,0.55397
1,2,1,1,2,1,12,3,0.51936
0,2,1,0,1,2,0,1,0.39924
1,2,1,1,2,2,21,3,0.5403
0,2,1,0,2,1,0,1,0.38292
0,2,1,0,1,1,0,1,0.44721
0,2,1,0,2,2,0,1,0.39898
0,2,1,0,2,1,0,1,0.38831
0,2,1,0,1,1,0,1,0.59635
0,2,1,0,2,1,0,1,0.36962
0,2,1,0,1,2,0,1,0.36667
0,2,1,0,1,2,0,1,0.32938
0,2,1,0,2,2,0,1,0.71615
1,2,1,1,2,1,14,3,0.54799
0,2,1,0,1,2,0,1,0.56417
1,2,1,1,2,2,13,3,0.51573
0,2,1,0,1,1,0,1,0.88104
0,2,1,0,1,1,0,1,0.43322
0,2,1,0,1,2,0,1,0.40091
1,2,1,1,1,1,12,1,0.39319
0,2,1,0,1,2,0,1,0.35303
0,2,1,0,1,2,0,1,0.39834
1,2,1,1,1,1,17,3,0.72371
0,2,1,0,2,1,0,1,0.58474
0,2,1,0,1,1,0,1,0.40345
1,2,1,1,1,2,12,1,0.42494
1,2,1,1,2,2,19,3,0.46486
1,2,1,1,2,1,15,3,0.53663
0,2,1,0,2,1,0,1,0.69672
1,2,1,1,1,1,21,3,0.44843
0,2,1,0,2,2,0,1,0.54187
0,2,1,0,2,2,0,1,0.37649
0,2,1,0,1,1,0,1,1.0992
0,2,1,0,2,2,0,1,0.45925
0,2,2,0,1,2,0,1,0.54689
1,2,2,1,2,2,21,3,0.56537
1,2,2,1,1,2,13,3,0.45587
0,2,2,0,2,1,0,1,0.69073
0,2,2,0,2,1,0,1,0.60805
1,2,2,1,2,1,10,3,0.54392
1,2,2,1,1,1,17,3,0.5333
0,2,2,0,1,2,0,1,0.49029
1,2,2,1,1,1,10,3,0.4958
0,2,2,0,2,1,0,1,0.41286
1,2,2,1,2,1,18,3,0.56229
0,2,2,0,2,1,0,1,0.57032
0,2,2,0,1,1,0,1,0.53013
1,2,2,1,1,2,17,3,0.5193
0,2,2,0,2,1,0,1,0.70339
0,2,2,0,2,1,0,1,0.47933
0,2,2,0,1,1,0,1,0.42606
1,2,2,1,1,1,19,3,0.44201
0,2,2,0,1,2,0,1,0.35926
0,2,2,0,1,1,0,1,0.35644
0,2,2,0,2,2,0,1,0.32726
0,2,2,0,2,2,0,1,0.48466
0,2,2,0,1,1,0,1,0.34558
0,2,2,0,1,2,0,1,0.48171
0,2,2,0,1,1,0,1,0.52438
0,2,2,0,2,1,0,1,0.32427
0,2,2,0,2,2,0,1,0.49212
0,2,2,0,2,1,0,1,0.63342
0,2,2,0,2,2,0,1,0.46292
0,2,2,0,2,1,0,1,0.43326
1,2,2,1,2,1,18,3,0.50008
0,2,2,0,2,2,0,1,0.54545
1,2,2,1,2,2,15,3,0.548
1,2,2,1,2,2,15,3,0.43607
0,2,2,0,2,1,0,1,0.60916
0,2,2,0,2,2,0,1,0.50255
1,2,2,1,1,2,13,3,0.79327
0,2,2,0,2,2,0,1,0.63584
0,2,2,0,2,2,0,1,0.7798
1,2,2,1,2,2,18,3,0.51561
0,2,1,0,1,2,0,1,0.52731
0,2,1,0,1,1,0,1,0.36757
0,2,1,0,2,1,0,1,0.37812
1,2,1,1,1,2,19,3,0.55683
1,2,1,1,2,1,18,3,0.55918
0,2,1,0,1,2,0,1,0.42313
0,2,1,0,2,1,0,1,0.42836
1,2,1,1,2,2,11,3,0.51117
0,2,1,0,2,1,0,1,0.41765
0,2,1,0,2,1,0,1,0.40955
0,2,1,0,1,2,0,1,0.58576
1,2,1,1,2,2,19,3,0.56439
0,2,1,0,2,2,0,1,0.58269
0,2,1,0,2,1,0,1,0.57492
0,2,1,0,2,1,0,1,0.3669
0,2,1,0,1,2,0,1,0.48683
0,2,1,0,1,1,0,1,0.51347
0,2,1,0,2,1,0,1,0.32143
0,2,1,0,2,2,0,1,0.41483
0,2,1,0,1,2,0,1,0.3908
0,2,1,0,1,1,0,1,0.30791
0,2,1,0,1,1,0,1,0.33169
1,2,1,1,2,2,12,3,0.52928
0,2,1,0,1,2,0,1,0.50526
0,2,1,0,1,2,0,1,0.47848
0,2,1,0,1,1,0,1,0.55814
0,2,1,0,2,2,0,1,0.43296
0,2,1,0,2,2,0,1,0.36902
0,2,1,0,1,1,0,1,0.31823
0,2,1,0,2,2,0,1,0.39548
0,2,1,0,1,2,0,1,0.31262
0,2,1,0,1,1,0,1,0.55544
0,2,1,0,2,1,0,1,0.30453
0,2,1,0,1,2,0,1,0.39014
0,2,1,0,1,2,0,1,0.34174
1,2,1,1,2,2,12,3,0.56333
0,2,1,0,1,2,0,1,0.60833
1,2,1,1,2,2,13,3,0.50984
0,2,1,0,1,1,0,1,0.64832
1,2,1,1,1,2,16,3,0.44847
0,2,1,0,2,2,0,1,0.42685
1,2,1,1,2,1,21,3,0.5815
0,2,1,0,2,1,0,1,0.57062
0,2,1,0,1,2,0,1,0.43479
0,2,1,0,2,2,0,1,0.39178
0,2,1,0,2,1,0,1,0.3386
0,2,1,0,1,2,0,1,0.50121
1,2,1,1,2,2,16,3,0.78388
0,2,1,0,2,2,0,1,0.42922
0,2,1,0,1,1,0,1,0.44506
0,2,1,0,2,2,0,1,0.38913
0,2,1,0,2,1,0,1,0.49046
0,2,1,0,1,2,0,1,0.34874
0,2,1,0,2,1,0,1,0.36237
0,2,1,0,2,1,0,1,0.39156
0,2,1,0,2,2,0,1,0.34612
0,2,1,0,1,2,0,1,0.42602
0,2,1,0,2,1,0,1,0.386
0,2,1,0,1,2,0,1,0.36208
0,2,1,0,2,1,0,1,0.34872
0,2,1,0,2,2,0,1,0.33785
0,2,1,0,1,2,0,1,0.39907
0,2,1,0,1,2,0,1,0.35905
1,2,1,1,1,1,14,3,0.93254
0,2,1,0,1,1,0,1,0.44164
0,2,1,0,1,1,0,1,0.56144
0,2,1,0,2,1,0,1,0.49494
0,2,1,0,2,2,0,1,0.45203
0,2,1,0,2,1,0,1,0.33733
0,2,1,0,1,1,0,1,0.36663
0,2,1,0,2,1,0,1,0.46806
0,2,1,0,1,2,0,1,0.31343
1,2,1,1,2,2,10,3,0.48127
0,2,1,0,1,1,0,1,0.51065
0,2,1,0,2,1,0,1,0.43857
1,2,1,1,2,2,10,3,0.51591
1,2,1,1,2,1,16,3,0.48904
0,2,1,0,2,1,0,1,0.37179
0,2,1,0,2,2,0,1,0.61981
1,2,1,1,1,2,18,3,0.54781
0,2,2,0,1,1,0,1,0.3529
1,2,2,1,1,2,13,3,0.51796
1,2,2,1,1,1,13,3,0.4514
0,2,2,0,1,1,0,1,0.52884
0,2,2,0,2,2,0,1,0.41679
1,2,2,1,2,1,14,3,0.50992
0,2,2,0,2,1,0,1,0.53138
0,2,2,0,1,2,0,1,0.95525
0,2,2,0,1,1,0,1,0.37916
0,2,2,0,2,2,0,1,0.49908
0,2,2,0,1,1,0,1,0.58949
0,2,2,0,1,1,0,1,0.52015
0,2,2,0,1,1,0,1,0.40289
0,2,2,0,2,1,0,1,0.39768
0,2,2,0,2,1,0,1,0.49884
1,2,2,1,2,2,16,3,0.57352
0,2,2,0,2,1,0,1,0.90422
0,2,2,0,1,1,0,1,0.42677
0,2,2,0,2,2,0,1,0.5308
0,2,2,0,1,2,0,1,0.45048
0,2,2,0,2,1,0,1,0.59178
1,2,2,1,2,1,16,3,0.648
1,2,2,1,2,1,10,3,0.72795
0,2,2,0,2,2,0,1,0.54098
0,2,2,0,2,1,0,1,0.51177
0,2,2,0,2,1,0,1,0.52769
0,2,2,0,1,1,0,1,1.1834
0,2,2,0,2,1,0,1,0.65819
0,2,2,0,2,2,0,1,0.43142
0,2,2,0,1,2,0,1,0.602
0,2,2,0,1,2,0,1,0.38872
0,2,2,0,2,1,0,1,0.50319
0,2,2,0,2,1,0,1,0.60195
1,2,2,1,1,1,10,3,0.53
0,2,2,0,2,1,0,1,0.62309
0,2,2,0,2,2,0,1,0.36458
0,2,2,0,1,1,0,1,0.51357
0,2,2,0,2,1,0,1,0.44168
0,2,2,0,2,2,0,1,0.63121
0,2,2,0,2,1,0,1,0.51075
0,2,1,0,1,1,0,1,0.51315
1,2,1,1,2,1,19,3,0.65715
0,2,1,0,1,2,0,1,0.35298
0,2,1,0,1,2,0,1,0.45695
0,2,1,0,2,2,0,1,0.39579
1,2,1,1,1,1,17,3,0.63834
0,2,1,0,2,1,0,1,0.52616
1,2,1,1,2,2,17,3,0.57403
0,2,1,0,2,2,0,1,0.60346
0,2,1,0,2,1,0,1,0.46478
1,2,1,1,1,1,13,3,0.63268
0,2,1,0,2,2,0,1,0.73391
0,2,1,0,2,2,0,1,0.41678
1,2,1,1,1,2,14,3,0.69147
0,2,1,0,1,1,0,1,0.47775
1,2,1,1,2,1,10,3,0.54725
0,2,1,0,1,2,0,1,0.66969
0,2,1,0,2,2,0,1,0.45918
0,2,1,0,1,2,0,1,0.55786
1,2,1,1,1,1,11,1,0.36544
0,2,1,0,1,2,0,1,0.69642
0,2,1,0,1,1,0,1,0.55472
1,2,1,1,2,1,13,3,0.56002
0,2,1,0,1,2,0,1,1.3627
0,2,1,0,1,2,0,1,0.53876
0,2,1,0,1,1,0,1,0.49588
0,2,1,0,1,1,0,1,0.49078
0,2,1,0,1,2,0,1,0.43451
0,2,1,0,1,1,0,1,0.57049
0,2,1,0,1,2,0,1,0.59453
1,2,1,1,1,1,11,3,0.60253
1,2,1,1,1,1,16,3,0.66617
0,2,1,0,1,2,0,1,0.68774
0,2,1,0,1,1,0,1,0.49543
1,2,1,1,1,1,16,3,0.52224
0,2,1,0,2,1,0,1,0.69564
0,2,1,0,2,2,0,1,0.45017
0,2,1,0,2,1,0,1,1.2099
0,2,1,0,1,2,0,1,0.45247
0,2,1,0,2,2,0,1,0.58583
0,2,2,0,1,2,0,1,0.43099
0,2,2,0,1,1,0,1,0.51884
0,2,2,0,1,2,0,1,0.48976
0,2,2,0,2,1,0,1,0.48419
0,2,2,0,2,2,0,1,0.4869
0,2,2,0,2,2,0,1,0.5642
0,2,2,0,2,2,0,1,0.45489
0,2,2,0,2,1,0,1,0.88421
0,2,2,0,2,1,0,1,0.75587
0,2,2,0,2,2,0,1,0.60132
0,2,2,0,2,1,0,1,0.48661
0,2,2,0,1,1,0,1,1.3343
0,2,2,0,1,1,0,1,1.1716
0,2,2,0,1,2,0,1,0.82763
1,2,2,1,1,1,20,3,0.61437
1,2,2,1,2,1,11,3,0.41689
1,2,2,1,1,2,15,3,0.44621
0,2,2,0,1,1,0,1,0.71803
1,2,2,1,1,1,13,3,0.48591
0,2,2,0,1,1,0,1,0.5981
0,2,2,0,1,2,0,1,0.86218
0,2,2,0,1,1,0,1,0.38186
0,2,2,0,1,2,0,1,0.47256
1,2,2,1,1,2,18,3,0.48856
0,2,2,0,2,1,0,1,0.87
0,2,2,0,2,1,0,1,0.63782
0,2,2,0,1,2,0,1,0.44031
0,2,2,0,1,2,0,1,0.67246
0,2,2,0,1,2,0,1,0.44309
1,2,2,1,1,2,11,3,0.54163
0,2,2,0,2,1,0,1,0.84545
0,2,2,0,1,2,0,1,0.4962
0,2,2,0,2,2,0,1,0.77891
0,2,2,0,2,2,0,1,0.64792
0,2,2,0,2,2,0,1,0.4961
1,2,2,1,1,1,12,3,0.48809
1,2,2,1,2,2,13,3,0.60534
0,2,2,0,1,1,0,1,0.66384
0,2,2,0,2,2,0,1,0.57594
0,2,2,0,2,2,0,1,0.4689
0,2,2,0,2,2,0,1,0.50902
0,2,2,0,1,2,0,1,0.46619
0,2,2,0,1,1,0,1,0.4846
0,2,2,0,1,1,0,1,0.40481
1,2,2,1,1,2,19,3,0.54875
0,2,2,0,1,2,0,1,0.46615
0,2,2,0,1,1,0,1,0.47125
0,2,2,0,2,2,0,1,0.5937
1,2,2,1,2,1,20,3,0.57779
1,2,2,1,2,1,12,3,0.60714
1,2,2,1,1,1,15,3,0.44987
0,2,2,0,1,1,0,1,0.42568
0,2,2,0,2,1,0,1,0.59364
0,2,2,0,1,2,0,1,0.45214
0,2,2,0,1,1,0,1,0.436
1,2,2,1,2,1,18,3,0.45234
0,2,2,0,2,2,0,1,0.59088
0,2,2,0,2,2,0,1,0.36405
0,2,2,0,2,2,0,1,0.43076
0,2,2,0,2,2,0,1,0.41447
0,2,2,0,1,2,0,1,0.48389
0,2,2,0,1,1,0,1,0.37181
0,2,2,0,1,2,0,1,0.3745
0,2,2,0,1,1,0,1,0.33178
1,2,2,1,1,1,10,3,0.54777
0,2,2,0,1,1,0,1,0.48095
0,2,2,0,2,2,0,1,0.48907
1,2,2,1,2,2,21,3,0.49959
0,2,2,0,2,2,0,1,1.5476
0,2,2,0,2,2,0,1,0.54492
1,2,2,1,1,1,17,3,0.64865
1,2,2,1,2,1,17,3,0.67262
0,2,2,0,1,1,0,1,0.5712
1,2,2,1,2,2,13,3,1.0353
1,2,2,1,2,2,14,3,0.66188
1,2,2,1,2,1,20,3,0.41658
0,2,2,0,1,2,0,1,0.85625
1,2,2,1,2,2,10,3,0.55755
1,2,2,1,2,2,19,3,0.50173
1,2,2,1,2,1,18,3,0.53615
0,2,2,0,2,1,0,1,0.54101
0,2,2,0,1,1,0,1,0.37568
0,2,2,0,1,2,0,1,0.33294
0,2,2,0,1,1,0,1,0.41584
0,2,2,0,1,1,0,1,0.5436
0,2,2,0,2,2,0,1,0.68751
1,2,2,1,2,2,15,3,0.47949
0,2,2,0,2,1,0,1,0.44492
1,2,2,1,2,1,20,3,0.36988
0,2,2,0,2,2,0,1,0.44737
1,2,2,1,2,2,16,3,0.46081
0,2,2,0,1,1,0,1,0.40976
1,2,2,1,1,2,19,3,0.44176
0,2,2,0,1,2,0,1,0.51382
1,2,2,1,1,1,10,3,0.49234
0,2,2,0,1,1,0,1,0.57238
0,2,2,0,1,1,0,1,0.35636
0,2,2,0,1,1,0,1,0.52965
1,2,2,1,2,2,17,3,0.45229
0,2,2,0,1,2,0,1,0.34301
0,2,2,0,1,2,0,1,0.43904
0,2,2,0,1,2,0,1,0.3642
0,2,2,0,2,1,0,1,0.48664
0,2,2,0,1,1,0,1,0.32124
1,2,2,1,2,2,12,3,0.53728
0,2,2,0,1,1,0,1,0.32126
0,2,2,0,2,1,0,1,0.49463
0,2,2,0,2,1,0,1,0.34805
0,2,2,0,1,2,0,1,0.68666
0,2,2,0,1,2,0,1,0.2413
0,2,2,0,2,1,0,1,0.41436
0,2,2,0,1,2,0,1,0.35295
0,2,2,0,1,2,0,1,0.56359
0,2,2,0,1,1,0,1,0.43815
1,2,2,1,2,1,15,3,0.47806
0,2,2,0,2,2,0,1,0.48358
0,2,2,0,2,2,0,1,0.68331
1,2,2,1,2,1,15,3,0.52881
0,2,2,0,1,1,0,1,0.54719
1,2,2,1,2,2,17,3,0.5872
1,2,1,1,1,1,14,1,0.37377
0,2,1,0,2,2,0,1,0.60046
0,2,1,0,1,1,0,1,0.47494
1,2,1,1,2,2,11,3,0.46169
0,2,1,0,2,1,0,1,0.50967
0,2,1,0,1,2,0,1,0.65107
0,2,1,0,2,1,0,1,0.46674
0,2,1,0,2,2,0,1,0.5306
0,2,1,0,2,1,0,1,0.45088
0,2,1,0,2,1,0,1,0.74674
0,2,1,0,1,2,0,1,0.55989
0,2,1,0,1,2,0,1,0.55969
1,2,1,1,1,1,17,3,0.64519
1,2,1,1,1,1,20,3,0.76526
0,2,1,0,1,1,0,1,0.52508
0,2,1,0,2,2,0,1,0.62646
0,2,1,0,1,1,0,1,0.60754
1,2,1,1,2,1,19,3,0.55144
0,2,1,0,2,2,0,1,0.86365
0,2,1,0,1,2,0,1,0.48754
0,2,1,0,2,1,0,1,0.48995
1,2,1,1,1,2,11,3,0.8287
0,2,1,0,1,2,0,1,0.86612
0,2,1,0,1,1,0,1,0.65511
0,2,1,0,2,2,0,1,0.72463
0,2,1,0,1,1,0,1,0.69528
0,2,1,0,2,2,0,1,0.91912
0,2,1,0,1,2,0,1,1.3406
0,2,1,0,2,1,0,1,0.43368
0,2,1,0,2,1,0,1,1.2178
0,2,1,0,1,2,0,1,1.0629
0,2,1,0,1,1,0,1,0.81484
1,2,1,1,2,2,20,3,0.70002
1,2,1,1,1,2,14,3,0.93462
0,2,1,0,1,2,0,1,0.64124
0,2,1,0,1,1,0,1,0.55318
0,2,1,0,2,2,0,1,0.41182
1,2,1,1,1,1,10,3,0.43861
0,2,1,0,2,1,0,1,0.46792
0,2,1,0,1,1,0,1,0.43055
0,1,1,0,1,2,0,1,0.83808
0,1,1,0,2,1,0,1,1.1047
1,1,1,1,2,2,17,3,0.5499
1,1,1,1,2,2,14,3,0.41124
1,1,1,1,1,2,17,3,0.41134
1,1,1,1,1,2,21,3,0.56051
0,1,1,0,2,1,0,1,0.52591
1,1,1,1,2,1,21,3,0.52074
1,1,1,1,2,2,18,3,0.4166
1,1,1,1,1,2,16,3,0.44592
1,1,1,1,1,2,16,3,0.4966
1,1,1,1,1,1,19,3,0.45894
1,1,1,1,2,1,12,3,0.49372
0,1,1,0,1,1,0,1,1.3069
0,1,1,0,2,1,0,1,0.62946
1,1,1,1,1,2,20,3,0.66936
1,1,1,1,2,1,21,3,0.77618
0,1,1,0,1,1,0,1,0.78944
0,1,1,0,2,1,0,1,0.78927
1,1,1,1,2,2,21,3,1.2374
1,1,1,1,2,2,10,3,0.39447
1,1,1,1,1,1,18,3,0.89588
1,1,1,1,1,2,21,1,0.54623
1,1,1,1,1,2,13,3,0.77313
1,1,1,1,2,1,14,3,0.40512
1,1,1,1,1,2,12,3,0.54636
1,1,1,1,1,2,17,3,0.68222
1,1,1,1,2,1,12,3,0.73829
0,1,1,0,2,2,0,1,0.78063
1,1,1,1,1,2,17,3,0.58882
1,1,1,1,2,2,21,3,0.37812
0,1,1,0,1,2,0,1,0.54066
1,1,1,1,1,1,16,3,0.39398
1,1,1,1,1,2,19,3,0.4604
1,1,1,1,2,1,19,3,0.71367
1,1,1,1,2,1,15,3,1.223
1,1,1,1,2,2,19,3,0.38045
1,1,1,1,2,2,20,3,0.75623
1,1,1,1,1,2,15,3,0.52433
1,1,1,1,2,1,18,3,0.6202
1,1,2,1,1,2,13,3,0.72679
1,1,2,1,1,2,14,3,0.51875
0,1,2,0,2,2,0,1,0.89479
1,1,2,1,2,2,20,3,0.9718
0,1,2,0,2,1,0,1,1.5825
1,1,2,1,1,1,20,3,0.39302
1,1,2,1,1,2,14,3,0.41976
1,1,2,1,2,1,21,3,0.36634
1,1,2,1,2,1,14,3,0.3876
1,1,2,1,2,2,20,3,0.37159
1,1,2,1,2,1,15,3,0.39292
1,1,2,1,2,1,19,3,0.46739
1,1,2,1,1,1,12,3,0.7422
1,1,2,1,1,1,19,3,3.5713
1,1,2,1,2,2,12,3,0.46734
0,1,2,0,2,2,0,1,0.48848
1,1,2,1,1,1,14,3,0.45659
1,1,2,1,2,1,15,3,0.41114
1,1,2,1,1,2,16,3,0.37128
1,1,2,1,2,2,11,3,0.36057
1,1,2,1,2,2,18,3,0.36029
1,1,2,1,2,1,21,3,0.38161
1,1,2,1,2,2,12,3,0.39775
1,1,2,1,1,1,16,3,0.38136
1,1,2,1,1,2,13,3,0.3254
1,1,2,1,2,2,12,3,0.41059
1,1,2,1,2,1,14,3,0.47462
0,1,2,0,1,1,0,1,0.74141
1,1,2,1,2,1,14,3,0.46412
1,1,2,1,1,2,11,3,0.39174
1,1,2,1,1,1,19,3,0.50929
1,1,2,1,2,1,14,3,0.46115
1,1,2,1,2,2,18,3,0.37577
0,1,2,0,2,1,0,1,0.5702
0,1,2,0,2,2,0,1,0.57302
0,1,2,0,1,2,0,1,0.67959
1,1,2,1,1,1,15,3,0.45574
1,1,2,1,2,2,10,3,0.55957
1,1,2,1,1,2,10,3,0.43417
1,1,2,1,2,2,20,3,0.62363
0,1,1,0,1,1,0,1,0.6608
0,1,1,0,2,1,0,1,0.39938
1,1,1,1,2,2,18,3,0.43655
0,1,1,0,2,1,0,1,0.79638
1,1,1,1,1,1,16,3,0.42325
1,1,1,1,1,2,21,3,0.46551
0,1,1,0,2,2,0,1,0.60974
1,1,1,1,1,1,14,3,0.75908
1,1,1,1,2,2,16,3,0.52955
1,1,1,1,1,1,21,3,1.0549
1,1,1,1,2,1,14,3,0.81483
1,1,1,1,2,1,19,3,0.38269
0,1,1,0,1,2,0,1,0.6307
0,1,1,0,1,1,0,1,0.6467
1,1,1,1,2,1,13,3,0.44124
0,1,1,0,2,1,0,1,0.44931
1,1,1,1,2,2,21,3,0.43068
1,1,1,1,1,2,11,3,0.72628
0,1,1,0,2,2,0,1,3.4943
1,1,1,1,1,1,20,3,0.47835
1,1,1,1,1,2,12,3,0.40876
1,1,1,1,1,1,17,3,0.38467
1,1,1,1,2,1,20,3,0.37154
0,1,1,0,1,2,0,1,0.52879
1,1,1,1,1,1,14,3,0.49653
0,1,1,0,1,1,0,1,0.46477
0,1,1,0,2,1,0,1,0.62449
1,1,1,1,2,1,13,3,0.43266
1,1,1,1,1,1,12,3,0.48062
1,1,1,1,1,2,11,3,0.96326
1,1,1,1,2,1,11,3,0.61111
1,1,1,1,2,1,17,3,0.41374
1,1,1,1,1,2,21,3,0.33907
1,1,1,1,2,2,14,3,0.38974
1,1,1,1,1,1,19,3,0.37907
1,1,1,1,2,2,20,3,0.35756
1,1,1,1,2,2,18,3,0.38956
1,1,1,1,2,1,21,3,0.38142
1,1,1,1,1,1,12,3,0.45083
1,1,1,1,2,2,15,3,0.40275
1,1,2,1,2,1,12,3,0.7705
1,1,2,1,2,1,11,3,0.36507
1,1,2,1,2,2,14,3,0.44778
1,1,2,1,1,2,11,3,0.39424
1,1,2,1,2,1,20,3,0.34381
1,1,2,1,1,1,15,3,0.37832
0,1,2,0,1,1,0,1,0.54895
0,1,2,0,1,2,0,1,0.57833
1,1,2,1,1,2,16,3,0.37561
1,1,2,1,2,1,18,3,0.39409
1,1,2,1,1,1,16,3,0.42612
1,1,2,1,1,1,17,3,0.42315
1,1,2,1,1,2,11,3,0.44746
0,1,2,0,1,2,0,1,0.89519
1,1,2,1,2,2,14,3,0.74848
0,1,2,0,1,1,0,1,1.1884
1,1,2,1,1,2,11,3,0.47116
1,1,2,1,1,1,14,3,0.42823
1,1,2,1,2,2,15,3,0.39371
0,1,2,0,1,1,0,1,0.77235
1,1,2,1,2,1,18,3,0.50288
1,1,2,1,1,2,13,3,0.39603
1,1,2,1,2,1,21,3,0.40958
1,1,2,1,2,1,17,3,0.51081
1,1,2,1,2,1,17,3,0.65454
1,1,2,1,1,1,19,3,0.4093
0,1,2,0,1,2,0,1,0.53745
1,1,2,1,1,1,19,3,0.44655
1,1,2,1,1,1,12,3,0.52651
1,1,2,1,1,2,16,3,0.43857
1,1,2,1,2,1,16,3,0.37994
1,1,2,1,2,2,14,3,0.42502
1,1,2,1,1,2,16,3,1.2409
1,1,2,1,1,2,15,3,0.60882
0,1,2,0,1,2,0,1,0.51542
1,1,2,1,2,1,18,3,0.48328
1,1,2,1,1,1,18,3,0.36339
1,1,2,1,1,2,13,3,0.39808
1,1,2,1,2,2,18,3,0.00013354
1,1,2,1,1,1,14,3,0.51265
1,1,1,1,1,2,10,3,0.73396
0,1,1,0,1,2,0,1,0.70169
0,1,1,0,1,1,0,1,0.6748
1,1,1,1,1,1,18,3,0.55763
0,1,1,0,1,1,0,1,0.99474
1,1,1,1,2,1,16,3,0.57068
1,1,1,1,1,2,10,3,1.0533
1,1,1,1,2,2,13,3,0.54157
1,1,1,1,1,1,14,3,1.2132
1,1,1,1,2,2,15,3,0.38389
1,1,1,1,2,2,20,3,0.39991
0,1,1,0,2,2,0,1,0.67439
1,1,1,1,2,1,12,3,0.80248
1,1,1,1,1,2,18,3,0.88755
0,1,1,0,2,1,0,1,0.53036
0,1,1,0,1,2,0,1,0.58914
0,1,1,0,1,2,0,1,0.42073
1,1,1,1,2,1,14,3,0.51672
1,1,1,1,2,2,18,3,0.43698
1,1,1,1,1,1,15,3,0.44496
1,1,1,1,2,2,21,3,0.44485
1,1,1,1,1,1,21,3,1.6153
1,1,1,1,1,1,10,3,0.36709
1,1,1,1,1,1,13,3,0.41271
1,1,1,1,2,1,13,3,0.62574
1,1,1,1,2,2,14,3,0.42311
1,1,1,1,1,1,11,3,0.38024
1,1,1,1,1,2,17,3,0.91123
0,1,1,0,2,2,0,1,0.8896
1,1,1,1,2,1,10,3,0.44416
1,1,1,1,2,1,19,3,0.43341
0,1,1,0,2,2,0,1,0.72434
0,1,1,0,1,2,0,1,0.47335
1,1,1,1,1,1,13,3,1.0521
1,1,1,1,1,2,11,3,0.49988
1,1,1,1,1,1,10,3,0.70549
1,1,1,1,1,2,15,3,4.3638
1,1,1,1,2,1,19,3,0.4276
1,1,1,1,2,2,12,3,0.4197
1,1,1,1,1,2,19,3,0.3848
0,1,1,0,1,1,0,1,0.75278
0,1,1,0,1,2,0,1,0.40607
1,1,1,1,1,1,15,3,0.54995
0,1,1,0,1,2,0,1,0.4778
0,1,1,0,1,2,0,1,0.43004
0,1,1,0,2,2,0,1,0.38209
1,1,1,1,2,1,20,3,0.44061
1,1,1,1,2,1,14,3,0.51243
1,1,1,1,1,1,20,3,0.46968
1,1,1,1,1,1,15,3,0.49374
1,1,1,1,2,1,15,3,0.56026
1,1,1,1,2,1,15,3,0.61092
1,1,1,1,2,1,20,3,0.92307
1,1,1,1,2,1,11,3,0.45095
1,1,1,1,1,1,19,3,0.54397
1,1,1,1,2,1,19,3,0.42687
1,1,1,1,1,2,15,3,0.57081
1,1,1,1,1,2,15,3,0.73863
1,1,1,1,2,1,19,3,0.38388
0,1,1,0,1,2,0,1,0.66137
0,1,1,0,1,1,0,1,0.63467
1,1,1,1,2,2,16,3,0.79176
1,1,1,1,1,2,15,3,1.0689
1,1,1,1,1,1,13,3,1.3516
1,1,1,1,2,1,21,3,1.9197
1,1,1,1,2,1,20,3,0.3704
1,1,1,1,1,1,17,3,0.42092
0,1,1,0,2,1,0,1,0.52742
1,1,1,1,2,1,12,3,0.42859
1,1,1,1,2,1,18,3,0.40749
0,1,1,0,1,2,0,1,0.62848
1,1,1,1,1,1,13,3,0.61793
1,1,1,1,1,1,18,1,0.80197
0,1,1,0,2,1,0,1,0.8899
1,1,1,1,2,1,14,3,0.48969
1,1,1,1,1,2,10,3,0.87113
1,1,1,1,2,1,19,3,1.0148
1,1,1,1,2,2,18,3,0.39371
1,1,1,1,2,1,10,3,0.44943
0,1,1,0,1,1,0,1,0.78021
0,1,2,0,2,2,0,1,0.51337
1,1,2,1,1,1,17,3,0.52117
1,1,2,1,1,2,21,3,0.3853
1,1,2,1,1,2,20,3,0.39589
0,1,2,0,2,1,0,1,0.47838
1,1,2,1,1,2,18,3,0.45198
0,1,2,0,2,2,0,1,0.56899
1,1,2,1,2,1,20,3,0.43551
0,1,2,0,2,2,0,1,0.58502
1,1,2,1,1,1,17,3,0.4382
1,1,2,1,2,1,15,3,0.63017
0,1,2,0,1,2,0,1,0.69944
0,1,2,0,2,2,0,1,0.4676
1,1,2,1,2,1,16,3,0.44587
1,1,2,1,1,2,16,3,0.46726
1,1,2,1,1,1,16,3,0.41414
0,1,2,0,1,1,0,1,0.5552
1,1,2,1,1,1,20,3,0.55518
0,1,2,0,2,1,0,1,0.70704
0,1,2,0,2,2,0,3,0.44583
0,1,2,0,2,1,0,1,0.50452
1,1,2,1,2,1,21,3,0.50946
1,1,2,1,2,1,19,3,0.38447
0,1,2,0,2,2,0,1,0.50947
1,1,2,1,2,2,17,3,0.62969
1,1,2,1,1,1,14,3,0.52536
1,1,2,1,1,1,18,3,0.54695
1,1,2,1,1,2,18,3,0.38647
1,1,2,1,1,1,11,3,0.86685
1,1,2,1,1,2,18,3,1.0851
1,1,2,1,1,1,19,3,0.39985
0,1,2,0,1,2,0,1,0.89318
1,1,2,1,2,1,16,3,0.48244
1,1,2,1,1,2,14,3,0.43427
0,1,2,0,1,2,0,1,0.68234
0,1,2,0,2,2,0,1,1.005
1,1,2,1,1,1,21,3,0.38615
1,1,2,1,1,2,16,3,0.53558
0,1,2,0,2,1,0,1,0.59163
1,1,2,1,2,2,14,3,0.54361
0,1,2,0,1,1,0,1,1.2741
0,1,2,0,1,1,0,1,0.36181
0,1,2,0,1,1,0,1,0.42314
1,1,2,1,2,1,20,3,0.49513
0,1,2,0,2,2,0,1,0.56703
1,1,2,1,1,1,16,3,1.031
1,1,2,1,1,2,14,3,0.3883
0,1,2,0,2,2,0,1,0.49497
1,1,2,1,2,2,13,3,0.8815
0,1,2,0,2,1,0,1,1.7587
1,1,2,1,2,2,13,3,0.47077
1,1,2,1,2,2,20,3,0.46551
1,1,2,1,2,1,13,3,0.52394
1,1,2,1,1,2,15,3,0.40105
1,1,2,1,1,1,10,3,0.40646
1,1,2,1,1,2,10,3,0.41978
1,1,2,1,1,1,17,3,0.41187
1,1,2,1,1,2,17,3,0.44123
1,1,2,1,2,2,14,3,0.59016
1,1,2,1,1,2,12,3,0.83295
0,1,2,0,1,2,0,1,2.0514
1,1,2,1,1,2,11,3,0.55806
1,1,2,1,2,2,18,3,0.48617
1,1,2,1,1,1,18,3,0.37125
1,1,2,1,1,2,20,3,0.34212
0,1,2,0,1,1,0,1,0.45411
1,1,2,1,1,2,17,3,0.47276
1,1,2,1,2,1,17,3,0.52317
1,1,2,1,1,2,10,3,0.41382
1,1,2,1,1,1,17,3,0.52579
1,1,2,1,2,2,16,3,0.59223
1,1,2,1,1,2,20,3,0.40853
1,1,2,1,2,1,15,3,0.60831
0,1,2,0,2,2,0,1,0.52846
0,1,2,0,2,1,0,1,0.99478
1,1,2,1,2,2,10,3,0.40299
1,1,2,1,2,1,21,3,0.42161
1,1,2,1,1,1,14,3,0.62152
1,1,2,1,1,2,17,3,0.97069
1,1,2,1,2,2,15,3,0.3706
1,1,2,1,1,1,21,3,0.56197
1,1,2,1,1,2,19,3,0.37803
1,1,2,1,1,1,19,3,0.35651
1,1,2,1,1,1,12,3,0.37805
1,1,2,1,2,2,12,3,0.3378
0,1,2,0,1,2,0,1,0.44716
0,1,2,0,2,2,0,1,0.40171
0,1,2,0,2,2,0,1,0.39632
0,1,2,0,1,1,0,1,0.31899
1,1,2,1,1,2,19,3,0.46003
0,1,2,0,2,1,0,1,0.5003
1,1,2,1,2,2,16,3,0.46035
0,1,2,0,2,1,0,1,0.57211
1,1,2,1,1,1,12,3,0.45478
1,1,2,1,2,1,18,3,0.59888
1,1,2,1,1,1,19,3,0.38791
1,1,2,1,2,2,20,3,0.3587
0,1,2,0,2,1,0,1,0.63052
1,1,2,1,1,1,16,1,0.48923
0,1,2,0,2,1,0,1,0.55319
1,1,2,1,2,2,16,3,0.73955
1,1,2,1,1,2,10,3,0.40357
0,1,2,0,2,2,0,1,0.56099
0,1,2,0,1,1,0,1,0.66229
1,1,2,1,1,2,14,1,0.7476
1,1,2,1,1,2,11,3,0.45426
0,1,2,0,1,2,0,1,0.69149
1,1,2,1,1,1,12,3,0.57943
1,1,2,1,2,2,19,3,0.48592
1,1,2,1,2,1,20,3,0.43801
1,1,2,1,2,1,18,3,0.48055
1,1,2,1,2,1,11,3,0.45378
1,1,2,1,2,2,19,3,0.39799
1,1,2,1,2,1,14,3,0.46179
1,1,2,1,1,2,11,3,0.41352
1,1,2,1,1,2,11,3,0.35755
1,1,2,1,1,1,17,3,0.42142
1,1,2,1,2,2,14,3,0.45878
1,1,2,1,2,1,18,3,0.4083
1,1,2,1,2,1,14,3,0.72793
1,1,1,1,1,1,11,3,0.8293
1,1,1,1,1,2,17,3,0.39995
1,1,1,1,1,2,12,3,0.38123
1,1,1,1,2,2,17,3,0.41594
1,1,1,1,2,1,19,3,0.34369
1,1,1,1,1,2,12,3,0.38094
0,1,1,0,1,2,0,3,0.34119
0,1,1,0,1,1,0,1,0.45831
1,1,1,1,2,2,21,3,0.42914
1,1,1,1,2,1,19,3,0.49827
0,1,1,0,2,1,0,1,0.62363
1,1,1,1,1,1,11,3,0.85299
0,1,1,0,1,2,0,1,0.91417
1,1,1,1,2,2,16,3,0.47933
1,1,1,1,1,2,10,3,0.51675
1,1,1,1,1,2,19,3,0.48733
1,1,1,1,1,2,10,3,0.53798
0,1,1,0,2,2,0,1,0.73509
1,1,1,1,2,2,10,3,0.4792
1,1,1,1,2,2,11,3,0.60423
1,1,1,1,2,2,14,3,0.59101
1,1,1,1,1,1,12,3,0.69768
1,1,1,1,1,2,11,3,0.86014
0,1,1,0,1,1,0,1,0.61739
1,1,1,1,1,2,16,3,0.51618
1,1,1,1,2,2,15,3,0.46543
1,1,1,1,1,2,10,3,0.43601
1,1,1,1,1,1,13,3,0.65192
1,1,1,1,2,1,21,3,0.90803
0,1,1,0,2,2,0,1,0.72115
1,1,1,1,1,2,15,3,0.49193
1,1,1,1,1,1,20,3,0.44387
1,1,1,1,2,1,20,3,0.36368
1,1,1,1,1,1,13,3,0.4435
1,1,1,1,1,1,20,3,0.37954
0,1,1,0,2,2,0,1,0.56082
1,1,1,1,2,2,21,3,0.67822
0,1,1,0,2,2,0,1,0.58759
1,1,1,1,2,2,17,3,0.53166
1,1,1,1,2,1,11,3,0.49155
