0,1,2,0,1,1,0,1,0.61216
1,1,2,1,2,1,12,3,0.56163
1,1,2,1,1,1,19,3,0.58841
1,1,2,1,2,2,17,3,0.53224
0,1,2,0,2,2,0,1,0.63061
0,1,2,0,2,2,0,1,0.44948
1,1,2,1,2,1,14,3,0.5348
1,1,2,1,1,1,11,3,0.52675
0,1,2,0,1,1,0,1,0.52906
1,1,2,1,2,2,14,3,0.5532
1,1,2,1,2,1,19,3,0.50514
0,1,2,0,1,2,0,1,0.60094
1,1,2,1,2,1,12,3,0.46754
1,1,2,1,1,2,10,3,0.43575
1,1,2,1,1,1,18,1,0.46776
1,1,2,1,2,2,21,3,0.42206
1,1,2,1,1,1,12,3,0.54503
0,1,2,0,2,1,0,1,0.75282
1,1,2,1,1,2,13,3,0.51009
1,1,2,1,2,1,15,3,0.91017
1,1,2,1,1,1,12,3,0.45665
1,1,2,1,1,1,17,3,0.5819
1,1,2,1,2,2,21,3,0.42725
1,1,2,1,2,1,12,3,0.38714
1,1,2,1,1,1,14,3,0.65396
0,1,2,0,1,1,0,1,0.76291
1,1,2,1,1,1,11,3,0.45657
1,1,2,1,1,1,12,3,0.39749
1,1,2,1,1,2,15,3,0.59242
1,1,2,1,1,1,18,3,0.60299
0,1,2,0,2,2,0,1,0.81635
0,1,2,0,1,2,0,1,0.55755
1,1,2,1,1,1,16,3,0.50931
1,1,2,1,1,2,17,3,0.54399
1,1,2,1,2,1,14,3,0.73064
1,1,2,1,2,2,20,3,0.45587
1,1,2,1,1,2,19,3,0.42665
0,1,2,0,2,2,0,1,0.66099
0,1,2,0,1,2,0,1,0.62122
0,1,2,0,1,1,0,1,0.41849
0,1,1,0,1,1,0,1,0.70622
1,1,1,1,2,2,21,3,0.71131
1,1,1,1,1,1,18,3,0.49008
0,1,1,0,2,1,0,1,0.71654
1,1,1,1,2,1,21,3,0.42579
1,1,1,1,2,2,12,3,0.4339
0,1,1,0,2,1,0,3,0.50328
1,1,1,1,1,1,21,3,0.74564
1,1,1,1,1,1,16,3,0.56453
1,1,1,1,2,1,12,3,0.4578
1,1,1,1,1,1,18,3,0.48976
0,1,1,0,1,2,0,3,0.51111
1,1,1,1,2,1,19,3,0.4603
1,1,1,1,1,1,14,3,0.62835
1,1,1,1,1,1,18,3,0.51352
1,1,1,1,1,1,12,3,0.4336
1,1,1,1,2,1,12,3,0.35864
0,1,1,0,2,2,0,1,0.53984
1,1,1,1,2,1,19,3,0.50004
1,1,1,1,2,1,13,3,0.53194
1,1,1,1,2,1,18,3,0.56389
1,1,1,1,1,1,19,3,0.42774
0,1,1,0,2,2,0,3,0.55572
1,1,1,1,1,2,21,3,0.54769
1,1,1,1,1,1,18,3,1.3024
1,1,1,1,2,2,20,3,0.80377
1,1,1,1,2,2,17,3,1.0221
1,1,1,1,1,1,20,3,0.81157
1,1,1,1,2,2,21,3,0.96059
0,1,1,0,1,2,0,1,0.62195
1,1,1,1,2,1,13,3,0.4993
1,1,1,1,1,1,15,3,0.53145
0,1,1,0,1,2,0,1,0.51003
1,1,1,1,2,2,20,3,0.39783
1,1,1,1,2,1,12,3,0.42963
1,1,1,1,1,1,16,3,0.50194
0,1,1,0,1,2,0,1,0.53893
1,1,1,1,1,1,13,3,0.56836
0,1,1,0,2,1,0,1,1.0135
0,1,1,0,2,1,0,1,0.48546
1,1,2,1,1,2,18,3,0.77876
1,1,2,1,2,1,15,3,0.47982
1,1,2,1,2,2,11,3,0.43178
1,1,2,1,2,2,13,3,0.45071
1,1,2,1,1,2,16,3,0.46676
0,1,2,0,1,1,0,1,0.66132
1,1,2,1,2,2,21,3,0.49853
1,1,2,1,1,1,19,3,0.4371
1,1,2,1,2,2,17,3,0.40769
1,1,2,1,2,1,10,3,0.3809
1,1,2,1,2,2,10,3,0.38903
0,1,2,0,1,2,0,1,0.60221
1,1,2,1,2,1,21,3,0.39958
1,1,2,1,1,1,17,3,0.40479
1,1,2,1,1,2,11,3,0.44479
1,1,2,1,2,1,16,3,0.46884
1,1,2,1,2,1,20,3,0.38881
1,1,2,1,2,2,13,3,0.44741
0,1,2,0,2,1,0,1,0.49801
1,1,2,1,1,2,20,3,0.45499
1,1,2,1,2,2,20,3,0.42577
1,1,2,1,2,1,14,3,0.72705
1,1,2,1,1,1,16,3,0.79354
1,1,2,1,1,1,13,3,0.47378
0,1,2,0,1,1,0,1,0.77501
0,1,2,0,1,2,0,1,0.92973
1,1,2,1,2,1,17,3,0.62025
1,1,2,1,1,1,15,3,0.43619
1,1,2,1,2,2,17,3,0.43882
1,1,2,1,2,2,21,3,0.69216
1,1,2,1,1,2,16,3,0.45998
1,1,2,1,2,1,17,3,0.46771
1,1,2,1,2,1,14,3,0.48671
1,1,2,1,2,1,16,3,0.4545
1,1,2,1,1,1,16,3,0.43838
1,1,2,1,2,1,12,3,0.4195
0,1,2,0,2,1,0,1,0.55042
1,1,2,1,1,1,19,3,0.44349
1,1,2,1,2,2,19,3,0.35007
1,1,2,1,2,1,10,3,0.41947
1,1,1,1,1,1,14,3,0.48862
1,1,1,1,1,2,15,3,0.36074
0,1,1,0,1,2,0,1,0.42188
0,1,1,0,2,1,0,1,0.39003
0,1,1,0,2,1,0,1,0.36306
1,1,1,1,2,1,17,3,0.44314
1,1,1,1,2,2,18,3,0.38986
1,1,1,1,1,1,16,3,0.40594
1,1,1,1,2,1,16,3,0.38421
1,1,1,1,2,1,16,3,0.36305
0,1,1,0,1,1,0,1,0.51506
1,1,1,1,2,2,16,3,0.63472
0,1,1,0,2,1,0,1,0.42402
1,1,1,1,2,1,11,3,0.38154
1,1,1,1,2,2,17,3,0.46699
1,1,1,1,1,1,20,3,0.42675
0,1,1,0,2,1,0,1,0.50689
1,1,1,1,1,1,20,3,0.41866
1,1,1,1,1,2,21,3,0.33065
0,1,1,0,2,2,0,1,0.44509
1,1,1,1,2,2,20,3,0.38377
1,1,1,1,1,2,16,3,0.40519
0,1,1,0,2,2,0,1,0.64767
0,1,1,0,2,1,0,1,1.1064
1,1,1,1,1,1,13,3,0.4369
0,1,1,0,2,2,0,3,0.45281
1,1,1,1,2,2,15,3,0.42896
0,1,1,0,2,1,0,1,0.67683
1,1,1,1,2,2,12,3,0.42326
1,1,1,1,2,2,13,3,0.43945
1,1,1,1,1,2,18,1,0.47675
1,1,1,1,1,2,11,3,0.36443
1,1,1,1,2,1,19,3,0.42059
1,1,1,1,2,1,16,3,0.85005
0,1,1,0,2,1,0,1,0.68437
1,1,1,1,1,1,16,3,0.4391
1,1,1,1,2,1,14,3,0.42286
1,1,1,1,1,2,14,3,0.44147
1,1,1,1,2,2,21,3,0.36955
0,1,1,0,1,2,0,1,0.77774
1,1,2,1,2,2,20,3,0.50552
1,1,2,1,1,2,15,3,0.45464
0,1,2,0,2,1,0,1,0.55333
1,1,2,1,2,1,10,3,0.64654
1,1,2,1,2,1,12,3,0.37203
1,1,2,1,2,2,12,3,0.53727
1,1,2,1,1,2,20,3,0.4384
1,1,2,1,1,1,11,3,0.53716
1,1,2,1,2,2,20,3,0.38765
1,1,2,1,1,1,10,3,0.36652
1,1,2,1,1,1,12,3,0.40888
1,1,2,1,1,2,14,3,0.45423
1,1,2,1,2,2,19,3,0.41944
1,1,2,1,1,1,18,3,0.49413
1,1,2,1,2,1,16,3,0.50745
1,1,2,1,2,2,12,3,0.37417
0,1,2,0,2,2,0,1,0.53387
1,1,2,1,2,1,13,3,0.44615
0,1,2,0,2,2,0,1,0.51795
1,1,2,1,1,2,21,3,0.41395
1,1,2,1,2,2,13,3,0.33399
0,1,2,0,2,1,0,1,0.51497
1,1,2,1,2,2,16,3,0.40301
1,1,2,1,2,2,13,3,0.3392
0,1,2,0,2,1,0,1,0.57109
1,1,2,1,2,1,14,3,0.40038
1,1,2,1,1,1,15,3,0.43238
1,1,2,1,1,1,17,3,0.44039
1,1,2,1,1,1,11,3,0.64821
1,1,2,1,1,2,12,3,0.46136
1,1,2,1,1,2,12,3,0.54956
1,1,2,1,2,1,14,3,0.46126
1,1,2,1,1,1,12,3,0.35986
1,1,2,1,1,2,13,3,0.44246
1,1,2,1,2,2,19,3,0.34371
0,1,2,0,2,1,0,1,0.693
1,1,2,1,2,1,19,3,0.40767
0,1,2,0,1,2,0,1,0.62119
0,1,2,0,1,1,0,1,0.46119
1,1,2,1,2,1,20,1,0.5117
1,1,1,1,1,2,11,3,0.73284
1,1,1,1,1,1,13,3,0.48743
1,1,1,1,2,2,14,3,0.48739
1,1,1,1,1,2,17,3,0.506
0,1,1,0,1,1,0,1,0.66072
1,1,1,1,2,2,17,3,0.50326
1,1,1,1,2,2,20,3,0.39372
1,1,1,1,1,2,14,3,0.51641
1,1,1,1,1,1,10,3,0.38326
1,1,1,1,2,2,11,3,0.38834
0,1,1,0,1,2,0,1,0.94315
1,1,1,1,1,2,13,3,0.44174
1,1,1,1,2,2,13,3,0.37203
1,1,1,1,1,2,13,3,0.36674
0,1,1,0,2,2,0,1,0.45744
1,1,1,1,2,1,12,3,0.39077
1,1,1,1,2,1,18,3,0.74279
1,1,1,1,1,2,19,3,0.58792
1,1,1,1,2,1,14,3,0.4439
1,1,1,1,1,2,19,3,0.44667
1,1,1,1,2,2,14,3,0.60128
1,1,1,1,2,1,21,3,0.36361
1,1,1,1,2,1,14,3,0.37968
1,1,1,1,1,2,18,3,0.46512
1,1,1,1,2,1,15,3,0.39283
1,1,1,1,2,1,20,3,0.33707
1,1,1,1,2,2,19,3,0.34479
1,1,1,1,1,1,17,3,0.38489
1,1,1,1,2,1,17,3,0.41162
1,1,1,1,2,1,15,3,0.41423
1,1,1,1,2,1,10,3,0.32877
1,1,1,1,2,2,14,3,0.37665
1,1,1,1,2,2,10,3,0.31796
0,1,1,0,1,2,0,1,0.47535
1,1,1,1,2,2,14,3,0.45939
1,1,1,1,1,2,16,3,0.42701
0,1,1,0,2,1,0,1,0.48838
1,1,1,1,1,2,17,3,0.38697
1,1,1,1,1,1,21,3,0.36286
0,1,1,0,2,2,0,1,0.60317
1,1,1,1,2,2,21,3,0.39467
1,1,1,1,2,2,14,3,0.4693
1,1,1,1,1,2,15,3,0.62143
1,1,1,1,1,2,17,3,0.37864
0,1,1,0,2,2,0,1,0.54416
1,1,1,1,1,1,11,3,0.46936
1,1,1,1,2,2,21,3,0.3306
1,1,1,1,2,2,17,3,0.41591
0,1,1,0,1,2,0,1,0.65577
1,1,1,1,2,1,17,3,0.61848
1,1,1,1,2,1,18,3,0.40484
1,1,1,1,1,1,12,3,0.39421
1,1,1,1,1,1,15,3,0.43699
1,1,1,1,2,1,13,3,0.35161
0,1,1,0,2,1,0,1,0.52221
0,1,1,0,1,2,0,1,0.63161
1,1,1,1,1,2,20,3,0.52754
0,1,1,0,2,2,0,1,0.49286
0,1,1,0,2,1,0,1,0.67649
0,1,1,0,2,2,0,1,0.54583
1,1,1,1,1,2,14,3,0.45532
1,1,1,1,1,2,19,3,0.45527
0,1,1,0,2,2,0,1,0.44442
1,1,1,1,2,2,18,3,0.45221
1,1,1,1,1,2,18,3,0.39374
0,1,1,0,1,1,0,1,0.63632
0,1,1,0,2,1,0,1,0.59895
1,1,1,1,2,2,18,3,0.48141
1,1,1,1,1,2,10,3,0.35904
0,1,1,0,2,2,0,1,0.85729
1,1,1,1,1,2,14,3,0.58272
1,1,1,1,1,2,16,3,0.42
1,1,1,1,1,2,10,3,0.33459
1,1,1,1,1,2,20,3,0.45743
0,1,1,0,2,1,0,1,0.58784
1,1,1,1,1,1,12,3,0.35038
1,1,1,1,2,1,15,3,0.48643
1,1,1,1,2,2,16,3,0.35565
0,1,1,0,1,1,0,1,0.46512
1,1,1,1,1,2,17,3,0.44907
0,1,2,0,2,1,0,1,0.71271
1,1,2,1,2,1,16,3,0.56066
1,1,2,1,2,1,14,3,0.98485
0,1,2,0,2,2,0,1,0.71257
1,1,2,1,2,2,20,3,0.45675
0,1,2,0,2,1,0,1,0.51256
0,1,2,0,2,2,0,1,0.48856
0,1,2,0,2,1,0,1,0.83784
1,1,2,1,2,1,16,3,0.44048
1,1,2,1,2,2,15,3,0.38976
1,1,2,1,1,2,13,3,0.37101
1,1,2,1,1,2,13,3,0.3149
1,1,2,1,2,1,19,3,0.36304
1,1,2,1,1,2,17,3,0.33894
1,1,2,1,2,1,20,3,0.35747
0,1,2,0,1,1,0,1,0.74133
0,1,2,0,2,2,0,1,0.77887
1,1,2,1,2,1,13,3,0.47729
1,1,2,1,2,1,14,3,0.37069
1,1,2,1,1,2,11,3,0.34396
1,1,2,1,2,1,11,3,0.33338
0,1,2,0,1,1,0,1,0.61049
1,1,2,1,1,2,14,3,0.39721
1,1,2,1,1,2,12,3,0.34358
1,1,2,1,2,2,10,3,0.35965
1,1,2,1,2,2,18,3,0.38638
0,1,2,0,2,2,0,1,0.57834
0,1,2,0,1,1,0,3,0.79406
1,1,2,1,2,1,11,3,0.39957
0,1,2,0,1,1,0,1,0.53547
0,1,2,0,1,2,0,1,1.1435
0,1,2,0,1,2,0,1,1.074
1,1,2,1,1,2,14,3,0.4554
1,1,2,1,2,2,11,3,0.36185
1,1,2,1,2,2,19,3,0.3618
1,1,2,1,2,1,12,3,0.40977
0,1,2,0,2,2,0,1,0.55124
1,1,2,1,1,1,13,3,0.32448
1,1,2,1,1,1,11,3,0.34015
1,1,2,1,2,1,11,3,0.31887
1,1,1,1,1,2,17,3,0.44682
1,1,1,1,2,2,15,3,0.4545
1,1,1,1,1,2,11,3,0.35866
1,1,1,1,1,2,15,3,0.36942
1,1,1,1,1,2,21,3,0.35865
1,1,1,1,2,2,11,3,0.39578
1,1,1,1,1,1,15,3,0.51324
0,1,1,0,1,1,0,1,0.42773
1,1,1,1,1,2,14,3,0.55047
1,1,1,1,1,2,16,3,0.43025
1,1,1,1,1,1,19,3,0.50212
0,1,1,0,2,1,0,1,0.37955
1,1,1,1,2,2,18,3,0.34201
1,1,1,1,2,2,18,3,0.36615
1,1,1,1,2,2,19,3,0.33396
1,1,1,1,2,2,12,3,0.35278
0,1,1,0,1,2,0,1,0.38723
1,1,1,1,2,1,21,3,0.32588
0,1,1,0,1,1,0,1,0.44072
1,1,1,1,2,1,18,3,0.45106
1,1,1,1,1,1,15,3,0.64066
1,1,1,1,1,1,21,3,0.4006
1,1,1,1,1,1,10,3,0.3842
1,1,1,1,2,1,16,3,0.39231
1,1,1,1,1,2,20,3,0.47213
0,1,1,0,1,1,0,1,0.42146
1,1,1,1,2,1,18,3,0.52305
0,1,1,0,2,1,0,1,0.51493
0,1,1,0,2,1,0,1,0.44821
0,1,1,0,2,1,0,1,0.38681
1,1,1,1,1,2,16,3,0.50675
1,1,1,1,2,2,10,3,0.37844
0,1,1,0,1,2,0,1,0.46648
1,1,1,1,2,1,21,3,0.36544
1,1,1,1,1,1,13,3,0.5064
0,1,1,0,1,2,0,1,0.46126
0,1,1,0,1,2,0,1,0.47168
1,1,1,1,2,2,10,3,0.40231
0,1,1,0,1,1,0,1,0.5142
1,1,1,1,1,1,20,3,0.3998
0,1,2,0,2,1,0,1,0.56376
0,1,2,0,2,2,0,1,0.46502
1,1,2,1,2,1,17,3,0.41939
1,1,2,1,2,2,19,3,0.39802
1,1,2,1,1,1,12,3,0.41126
1,1,2,1,1,1,10,3,0.3422
1,1,2,1,2,2,16,3,0.40081
1,1,2,1,1,1,12,3,0.58203
1,1,2,1,1,1,18,3,0.40841
1,1,2,1,1,2,21,3,0.36311
1,1,2,1,1,2,18,3,0.57395
1,1,2,1,2,2,19,3,0.38198
1,1,2,1,2,1,13,3,0.52043
1,1,2,1,1,1,19,3,0.33365
0,1,2,0,1,2,0,1,0.51763
1,1,2,1,2,1,20,3,0.3764
1,1,2,1,2,1,12,3,0.54682
1,1,2,1,1,1,13,3,0.3364
1,1,2,1,2,1,13,3,0.352
1,1,2,1,2,1,17,3,0.52547
1,1,2,1,2,1,17,3,0.47218
1,1,2,1,1,2,19,3,0.47721
1,1,2,1,2,2,17,3,0.36813
1,1,2,1,2,2,13,3,0.53313
0,1,2,0,1,1,0,1,1.5011
1,1,2,1,1,1,10,3,0.38093
1,1,2,1,1,1,18,3,0.69844
1,1,2,1,2,1,14,3,0.73572
1,1,2,1,2,1,13,3,0.43431
1,1,2,1,2,1,12,3,0.44499
1,1,2,1,1,2,19,3,1.034
1,1,2,1,1,1,12,3,0.33836
1,1,2,1,2,1,10,3,0.35408
0,1,2,0,2,2,0,1,0.72456
1,1,2,1,1,1,15,3,1.0714
1,1,2,1,1,1,19,3,0.55411
1,1,2,1,2,1,17,3,0.57506
1,1,2,1,2,1,10,3,0.32981
1,1,2,1,1,1,16,3,0.43915
1,1,2,1,1,1,12,3,0.35627
1,3,1,1,2,2,13,3,0.45214
0,3,1,0,2,2,0,1,0.44175
1,3,1,1,2,2,11,3,0.3056
0,3,1,0,1,1,0,1,0.48689
0,3,1,0,2,2,0,1,0.36149
1,3,1,1,1,2,17,3,0.56948
0,3,1,0,2,2,0,3,0.42532
1,3,1,1,1,2,18,3,0.49481
1,3,1,1,2,1,16,3,0.53201
0,3,1,0,2,2,0,1,0.46768
0,3,1,0,1,1,0,1,1.1158
1,3,1,1,2,1,14,3,0.97194
1,3,1,1,2,2,13,3,0.3343
0,3,1,0,2,2,0,1,0.32115
1,3,1,1,1,2,16,3,0.37434
0,3,1,0,2,2,0,1,0.38505
0,3,1,0,1,1,0,1,0.43028
1,3,1,1,2,1,17,3,0.45432
0,3,1,0,2,2,0,1,0.39286
1,3,1,1,1,2,11,3,0.40868
1,3,1,1,1,2,16,3,0.50983
0,3,1,0,1,2,0,1,0.35515
0,3,1,0,1,2,0,3,0.38468
1,3,1,1,2,1,20,3,0.36577
1,3,1,1,1,2,16,3,0.4886
0,3,1,0,2,2,0,1,0.70182
0,3,1,0,1,2,0,1,0.77902
1,3,1,1,1,1,21,3,0.42965
0,3,1,0,1,2,0,1,0.71483
1,3,1,1,1,2,21,3,0.42445
0,3,1,0,2,1,0,1,0.41357
0,3,1,0,1,2,0,1,0.71752
0,3,1,0,1,2,0,1,0.59741
0,3,1,0,1,2,0,1,0.51751
0,3,1,0,2,1,0,1,0.45857
0,3,1,0,1,2,0,1,0.36276
1,3,1,1,1,1,20,3,0.45309
0,3,1,0,2,2,0,1,0.43709
1,3,1,1,1,1,21,3,0.42661
1,3,1,1,2,1,10,3,0.41035
1,3,1,1,2,2,10,3,0.43664
1,3,1,1,2,1,13,3,0.34851
0,3,1,0,1,1,0,1,0.2606
0,3,1,0,2,1,0,3,0.32717
0,3,1,0,2,2,0,1,0.57541
0,3,1,0,2,2,0,1,0.3617
1,3,1,1,2,2,12,3,0.39109
0,3,1,0,2,2,0,1,0.39903
1,3,1,1,1,2,18,3,0.53495
0,3,1,0,2,2,0,1,0.37763
1,3,1,1,2,1,15,3,0.45514
0,3,1,0,2,2,0,1,0.38569
1,3,1,1,1,2,12,3,0.61763
0,3,1,0,2,1,0,1,1.0949
1,3,1,1,1,2,17,3,0.34285
1,3,1,1,2,2,11,3,0.46278
0,3,1,0,1,2,0,1,0.48673
1,3,1,1,1,2,21,3,0.35582
0,3,1,0,1,2,0,1,0.40373
0,3,1,0,2,2,0,1,0.5293
1,3,1,1,1,1,12,3,0.39828
0,3,1,0,2,1,0,1,0.42506
1,3,1,1,2,1,14,3,0.34794
1,3,1,1,1,1,21,3,0.39817
0,3,1,0,1,2,0,1,0.39818
0,3,1,0,2,1,0,1,0.38746
0,3,1,0,1,2,0,1,0.64875
1,3,1,1,1,1,13,3,0.36599
1,3,1,1,2,2,13,3,0.34997
1,3,1,1,1,2,13,3,0.66197
1,3,1,1,1,1,20,3,0.42999
0,3,1,0,2,1,0,1,0.6567
1,3,1,1,2,2,12,3,0.37124
0,3,1,0,2,2,0,1,0.36325
1,3,1,1,1,2,20,3,0.60048
0,3,1,0,1,2,0,1,0.57362
0,3,1,0,2,2,0,1,0.41103
0,3,1,0,2,2,0,1,0.4059
1,3,1,1,2,2,17,3,0.49622
1,3,1,1,1,2,16,1,0.36551
0,3,2,0,2,1,0,1,1.4641
0,3,2,0,2,2,0,1,0.37623
1,3,2,1,1,2,11,3,0.51458
1,3,2,1,2,2,21,3,0.43445
0,3,2,0,1,1,0,1,0.50655
1,3,2,1,1,1,13,3,0.52249
0,3,2,0,2,2,0,1,0.49325
1,3,2,1,2,2,16,3,0.57025
0,3,2,0,1,1,0,1,0.52245
0,3,2,0,1,1,0,1,0.46101
1,3,2,1,2,2,15,3,0.50343
0,3,2,0,2,1,0,1,0.56205
1,3,2,1,2,1,21,3,0.44493
0,3,2,0,1,2,0,1,0.47163
1,3,2,1,2,2,12,3,0.38082
1,3,2,1,1,1,19,3,0.62858
0,3,2,0,2,2,0,1,0.36753
1,3,2,1,2,1,12,3,0.37545
0,3,2,0,1,1,0,1,0.55139
1,3,2,1,2,2,15,3,0.50305
1,3,2,1,1,2,20,3,0.42853
1,3,2,1,1,1,16,3,0.62041
1,3,2,1,2,2,18,3,0.3912
0,3,2,0,2,1,0,1,0.55373
1,3,2,1,1,1,20,3,0.34311
1,3,2,1,2,1,20,3,0.39103
1,3,2,1,1,1,13,3,0.40945
1,3,2,1,1,2,13,3,0.40668
0,3,2,0,2,1,0,1,0.70287
0,3,2,0,1,1,0,1,0.49481
0,3,2,0,2,2,0,1,0.48917
1,3,2,1,1,1,14,3,0.56133
0,3,2,0,1,2,0,1,0.64132
0,3,2,0,2,2,0,1,0.48396
1,3,2,1,2,2,13,3,0.36919
1,3,2,1,2,2,12,3,0.53454
1,3,2,1,1,1,11,3,0.40372
0,3,2,0,1,1,0,1,0.52904
1,3,2,1,2,2,15,3,0.40634
0,3,2,0,2,1,0,1,0.55306
0,3,2,0,2,1,0,1,0.84613
1,3,2,1,1,2,17,1,0.77405
0,3,2,0,2,1,0,1,0.50179
1,3,2,1,1,2,21,3,0.45376
0,3,2,0,2,2,0,1,0.90455
1,3,2,1,2,2,20,3,0.43776
0,3,2,0,2,1,0,1,0.72566
0,3,2,0,1,1,0,1,0.54192
0,3,2,0,1,2,0,1,0.45116
0,3,2,0,1,1,0,1,0.45642
1,3,2,1,2,2,12,3,0.38163
1,3,2,1,1,1,20,3,0.55218
0,3,2,0,2,2,0,1,0.52527
1,3,2,1,1,2,17,1,0.3948
1,3,2,1,1,1,14,3,0.55453
1,3,2,1,1,2,19,3,0.51221
1,3,2,1,2,2,14,3,0.39196
0,3,2,0,1,2,0,1,0.54397
1,3,2,1,2,1,20,3,0.37076
0,3,2,0,1,2,0,1,0.53567
0,3,2,0,2,1,0,1,0.7972
1,3,2,1,1,1,14,3,0.3786
0,3,2,0,2,1,0,1,0.49021
0,3,2,0,1,2,0,1,0.71182
1,3,2,1,2,1,15,3,2.9864
1,3,2,1,2,2,14,3,0.49032
0,3,2,0,2,2,0,1,1.3192
1,3,2,1,2,1,15,3,0.55142
0,3,2,0,1,1,0,1,0.47652
1,3,2,1,1,1,19,3,0.42044
0,3,2,0,2,2,0,1,0.60715
1,3,2,1,2,1,18,3,0.67384
0,3,2,0,2,1,0,1,0.5323
1,3,2,1,1,1,14,3,0.41514
1,3,2,1,2,1,19,3,0.53779
0,3,2,0,2,2,0,1,0.50307
0,3,2,0,2,2,0,1,0.71615
1,3,2,1,2,1,13,3,0.46545
1,3,2,1,1,1,13,3,0.44156
0,3,2,0,1,2,0,1,0.47341
1,3,1,1,1,1,11,3,0.53714
1,3,1,1,2,2,11,3,0.35318
0,3,1,0,2,1,0,1,0.84661
1,3,1,1,2,2,20,3,0.44917
1,3,1,1,2,2,10,3,0.73689
0,3,1,0,1,2,0,1,0.92123
1,3,1,1,2,1,16,3,0.61709
0,3,1,0,1,1,0,1,0.51553
1,3,1,1,1,1,12,3,0.50244
0,3,1,0,1,2,0,1,0.54222
1,3,1,1,2,1,21,3,0.35286
1,3,1,1,1,2,16,3,0.56881
0,3,1,0,1,2,0,1,0.47517
0,3,1,0,2,2,0,1,0.54205
1,3,1,1,1,2,16,3,0.47528
1,3,1,1,2,1,18,3,0.44067
0,3,1,0,2,2,0,1,0.52325
1,3,1,1,1,1,11,3,0.44316
0,3,1,0,1,1,0,1,0.49394
1,3,1,1,2,1,16,3,0.72561
1,3,1,1,1,2,14,3,0.49895
1,3,1,1,2,2,17,3,0.37641
0,3,1,0,2,2,0,1,0.45099
1,3,1,1,1,1,10,3,0.37365
1,3,1,1,1,1,18,3,0.57342
1,3,1,1,1,1,15,3,0.41867
1,3,1,1,1,2,12,3,0.82664
1,3,1,1,2,1,21,3,0.37888
0,3,1,0,1,1,0,1,0.46947
0,3,1,0,1,1,0,1,0.4934
0,3,1,0,2,2,0,1,0.46916
0,3,1,0,1,1,0,1,0.50897
0,3,1,0,2,2,0,1,0.81328
1,3,1,1,1,2,14,3,0.49837
0,3,1,0,1,1,0,1,0.68497
1,3,1,1,2,1,15,3,0.39955
1,3,1,1,1,1,16,3,0.4128
0,3,1,0,2,2,0,1,0.54598
1,3,1,1,1,2,17,3,0.49819
0,3,1,0,1,1,0,1,0.70355
1,3,2,1,2,2,20,3,0.63326
1,3,2,1,1,1,19,3,0.44934
0,3,2,0,2,1,0,1,0.48101
0,3,2,0,2,1,0,1,0.50519
0,3,2,0,2,2,0,1,0.52901
0,3,2,0,2,1,0,1,0.36392
1,3,2,1,1,2,14,3,0.40919
1,3,2,1,2,1,15,3,0.41706
0,3,2,0,2,2,0,1,0.69951
1,3,2,1,1,2,19,3,0.38222
0,3,2,0,2,1,0,1,0.47541
1,3,2,1,2,2,21,3,0.43257
0,3,2,0,2,1,0,1,0.41951
0,3,2,0,1,2,0,1,0.48062
1,3,2,1,2,1,17,3,0.42732
0,3,2,0,2,1,0,1,1.0432
0,3,2,0,2,2,0,1,0.74172
0,3,2,0,1,2,0,1,1.2779
1,3,2,1,1,2,14,3,0.31493
0,3,2,0,2,1,0,1,0.41619
0,3,2,0,2,2,0,1,0.4351
0,3,2,0,2,2,0,1,0.62174
0,3,2,0,2,1,0,1,0.92575
1,3,2,1,2,2,20,3,0.37335
1,3,2,1,2,1,16,3,0.40822
1,3,2,1,2,1,21,3,0.38962
0,3,2,0,1,1,0,1,0.46946
1,3,2,1,2,2,17,3,0.35723
1,3,2,1,2,2,14,3,0.40786
1,3,2,1,1,1,21,3,0.39996
1,3,2,1,2,1,16,3,0.38384
0,3,2,0,2,1,0,1,0.46906
0,3,2,0,1,1,0,1,0.48794
0,3,2,0,2,1,0,1,0.51166
1,3,2,1,2,2,12,3,0.36232
1,3,2,1,2,1,11,3,0.35949
0,3,2,0,1,1,0,1,0.84749
1,3,2,1,1,1,18,3,0.46889
0,3,2,0,1,2,0,1,0.39167
1,3,2,1,1,2,19,3,0.37564
1,3,2,1,1,1,12,3,0.38346
1,3,2,1,1,2,19,3,0.38332
1,3,2,1,2,2,13,3,0.39904
1,3,2,1,2,1,13,3,0.39362
0,3,2,0,2,2,0,1,0.5006
0,3,2,0,1,1,0,1,0.43088
1,3,2,1,2,2,12,3,0.38033
1,3,2,1,2,2,16,3,0.40165
1,3,2,1,2,1,17,3,0.51892
0,3,2,0,2,1,0,1,0.50285
1,3,2,1,1,1,17,3,0.43617
1,3,2,1,1,2,10,3,0.34259
0,3,2,0,2,2,0,1,0.43624
0,3,2,0,2,2,0,1,0.4306
0,3,2,0,1,2,0,1,0.39331
1,3,2,1,1,2,17,3,0.49723
1,3,2,1,1,1,15,1,0.35871
0,3,2,0,2,1,0,1,0.91049
0,3,2,0,2,1,0,1,0.6118
0,3,2,0,1,1,0,1,0.57451
0,3,2,0,1,2,0,1,0.63828
1,3,2,1,2,2,19,3,0.37713
1,3,2,1,1,2,21,3,0.3767
0,3,2,0,1,2,0,1,0.56358
0,3,2,0,2,1,0,1,0.38495
0,3,2,0,1,1,0,1,0.46206
0,3,2,0,2,2,0,1,0.43793
0,3,2,0,2,2,0,1,0.31552
1,3,2,1,1,1,16,3,0.43545
1,3,2,1,1,2,12,3,0.48076
0,3,2,0,1,2,0,1,0.36571
1,3,2,1,2,2,20,3,0.39268
0,3,2,0,1,2,0,1,0.39795
1,3,2,1,2,2,13,3,0.3738
1,3,2,1,2,2,13,3,0.36566
0,3,2,0,2,1,0,1,0.98178
0,3,2,0,2,2,0,1,0.45087
1,3,2,1,1,1,13,3,0.43211
1,3,2,1,2,1,16,1,0.37865
1,3,2,1,1,1,18,3,0.66139
1,3,1,1,1,1,20,3,0.49044
1,3,1,1,1,2,11,3,0.57588
0,3,1,0,2,1,0,1,0.42384
0,3,1,0,2,2,0,1,0.52758
0,3,1,0,1,2,0,1,0.42086
0,3,1,0,2,2,0,1,0.41802
1,3,1,1,1,1,12,3,0.40207
1,3,1,1,2,2,19,3,0.42623
1,3,1,1,1,1,10,3,0.43131
1,3,1,1,2,2,13,3,0.5434
1,3,1,1,2,1,12,3,0.52719
1,3,1,1,1,1,20,3,0.3646
1,3,1,1,1,2,19,3,0.39141
0,3,1,0,2,2,0,1,0.46322
1,3,1,1,1,2,16,3,0.37229
0,3,1,0,2,2,0,1,0.47126
1,3,1,1,1,1,13,3,0.50578
0,3,1,0,1,2,0,1,0.72171
0,3,1,0,2,1,0,1,0.56699
1,3,1,1,1,2,20,3,0.36951
0,3,1,0,2,2,0,1,0.68951
0,3,1,0,1,2,0,1,0.5189
1,3,1,1,2,2,10,3,0.36122
0,3,1,0,1,1,0,1,0.50531
1,3,1,1,1,1,19,3,0.44952
0,3,1,0,1,2,0,1,0.73454
0,3,1,0,2,2,0,1,0.51581
0,3,1,0,1,1,0,1,0.69992
0,3,1,0,2,2,0,1,0.69188
0,3,1,0,1,1,0,1,0.38792
0,3,1,0,2,1,0,1,0.43031
0,3,1,0,1,1,0,1,0.44085
1,3,1,1,1,2,20,3,0.46752
0,3,1,0,1,1,0,1,0.61413
0,3,1,0,2,1,0,1,0.5103
0,3,1,0,2,1,0,1,0.40881
0,3,1,0,1,2,0,1,0.53159
1,3,1,1,1,1,20,3,0.4914
0,3,1,0,2,1,0,1,0.48606
0,3,1,0,1,2,0,1,0.46188
1,3,2,1,2,2,20,3,0.47496
1,3,2,1,2,2,18,3,0.44851
1,3,2,1,2,2,11,3,0.40028
0,3,2,0,1,1,0,1,0.36579
1,3,2,1,1,1,17,3,0.47757
0,3,2,0,2,1,0,1,0.44573
1,3,2,1,2,1,14,3,0.38431
0,3,2,0,1,2,0,1,0.42663
1,3,2,1,2,1,11,3,0.3816
0,3,2,0,1,1,0,1,0.57086
0,3,2,0,2,2,0,1,0.54129
0,3,2,0,1,2,0,1,0.70374
1,3,2,1,2,2,21,3,0.39183
0,3,2,0,1,1,0,1,0.73859
0,3,2,0,1,2,0,1,0.45054
1,3,2,1,1,2,10,3,0.34377
1,3,2,1,2,2,15,3,0.4555
0,3,2,0,1,1,0,1,0.39435
0,3,2,0,2,1,0,1,0.45844
0,3,2,0,2,2,0,1,0.41837
0,3,2,0,2,1,0,1,0.45035
0,3,2,0,1,2,0,1,0.42363
0,3,2,0,2,1,0,1,0.32492
1,3,2,1,2,2,13,3,0.40183
0,3,2,0,1,2,0,1,0.50054
0,3,2,0,2,1,0,1,0.45279
1,3,2,1,1,1,15,3,0.59651
0,3,2,0,2,1,0,1,0.53259
1,3,2,1,1,2,19,3,0.40997
1,3,2,1,2,1,20,3,0.40176
1,3,2,1,1,1,17,3,0.53788
0,3,2,0,2,2,0,1,0.36697
1,3,2,1,1,1,15,3,0.51352
1,3,2,1,1,2,16,3,0.44406
1,3,2,1,1,2,14,3,0.39613
0,3,2,0,2,2,0,1,0.54809
0,3,2,0,2,1,0,1,0.64935
1,3,2,1,2,2,17,3,0.43597
0,3,2,0,2,1,0,1,0.52402
0,3,2,0,1,2,0,1,0.40115
0,3,1,0,2,2,0,1,0.62243
1,3,1,1,2,1,18,3,0.40381
1,3,1,1,2,1,18,3,0.37426
0,3,1,0,1,2,0,1,0.33706
1,3,1,1,1,2,10,3,0.44101
1,3,1,1,1,1,14,3,0.45429
1,3,1,1,2,1,13,3,0.35292
0,3,1,0,2,2,0,1,0.61164
0,3,1,0,1,1,0,1,0.5636
1,3,1,1,1,1,14,3,0.48857
1,3,1,1,1,1,21,3,0.4912
0,3,1,0,1,2,0,1,0.54742
0,3,1,0,1,1,0,1,0.58187
0,3,1,0,2,2,0,1,0.60067
1,3,1,1,1,1,16,3,0.49651
0,3,1,0,1,2,0,1,0.71756
1,3,1,1,2,2,18,3,1.2668
0,3,1,0,1,2,0,1,0.57368
1,3,1,1,2,1,16,3,0.63209
1,3,1,1,2,2,12,3,0.39497
1,3,1,1,1,1,16,3,0.55481
1,3,1,1,1,2,20,3,0.41359
1,3,1,1,1,2,17,3,0.45587
1,3,1,1,2,1,13,3,0.35476
1,3,1,1,1,1,13,3,0.42669
1,3,1,1,2,2,10,3,0.34117
1,3,1,1,1,2,21,3,0.376
0,3,1,0,2,2,0,1,0.42105
0,3,1,0,1,1,0,1,0.35956
1,3,1,1,2,2,19,3,0.38379
1,3,1,1,2,1,20,3,0.33817
1,3,1,1,1,1,18,3,0.68225
0,3,1,0,1,1,0,1,0.40475
1,3,1,1,2,2,15,3,0.59709
0,3,1,0,1,1,0,1,0.37265
0,3,1,0,1,2,0,1,0.44458
1,3,1,1,2,2,10,3,0.37817
0,3,1,0,2,1,0,1,0.54071
0,3,1,0,2,1,0,1,0.42351
0,3,1,0,2,2,0,1,0.4447
1,2,2,1,2,2,19,3,0.70285
1,2,2,1,1,1,12,3,0.44701
0,2,2,0,1,2,0,1,0.52152
0,2,2,0,2,2,0,1,0.65738
0,2,2,0,2,1,0,1,0.40938
0,2,2,0,2,2,0,1,0.50811
0,2,2,0,2,1,0,1,0.54538
0,2,2,0,1,2,0,1,0.43604
0,2,2,0,2,2,0,1,0.41177
1,2,2,1,2,1,19,3,0.39026
0,2,2,0,2,1,0,1,0.41714
0,2,2,0,2,2,0,1,0.35819
0,2,2,0,2,1,0,1,0.4359
0,2,2,0,2,1,0,1,0.36913
0,2,2,0,1,2,0,1,0.38244
0,2,2,0,2,1,0,1,0.56095
1,2,2,1,2,1,20,3,0.4994
0,2,2,0,1,2,0,1,0.50218
0,2,2,0,2,1,0,1,0.67275
0,2,2,0,1,2,0,1,0.43252
0,2,2,0,1,2,0,1,0.54208
1,2,2,1,2,1,21,3,0.39807
1,2,2,1,1,1,16,3,0.63507
0,2,2,0,2,1,0,1,0.47783
1,2,2,1,2,2,16,3,0.48847
0,2,2,0,2,2,0,1,0.48053
1,2,2,1,2,1,10,3,0.50951
1,2,2,1,2,2,20,3,0.34416
0,2,2,0,1,1,0,1,0.47244
0,2,2,0,1,2,0,1,0.36017
1,2,2,1,1,1,18,3,0.48292
0,2,2,0,1,1,0,1,0.55228
0,2,2,0,2,1,0,1,0.50155
0,2,2,0,1,2,0,1,0.4989
0,2,2,0,1,1,0,1,0.44783
0,2,2,0,1,1,0,1,0.45345
0,2,2,0,1,1,0,1,0.36252
0,2,2,0,2,1,0,1,0.35192
0,2,2,0,1,2,0,1,0.3757
0,2,2,0,2,1,0,1,0.33844
0,2,1,0,2,2,0,1,0.46897
0,2,1,0,2,1,0,1,0.49016
0,2,1,0,1,2,0,1,0.38371
1,2,1,1,2,1,16,3,0.41299
1,2,1,1,2,1,20,3,0.37275
0,2,1,0,1,2,0,1,0.42598
0,2,1,0,2,2,0,1,0.53788
0,2,1,0,2,2,0,1,0.43113
0,2,1,0,2,1,0,1,0.36983
0,2,1,0,1,1,0,1,0.36182
0,2,1,0,2,1,0,1,0.32705
1,2,1,1,2,1,10,3,0.44989
0,2,1,0,1,2,0,1,0.43384
0,2,1,0,2,1,0,1,0.56183
0,2,1,0,2,2,0,1,0.36717
0,2,1,0,2,2,0,1,0.32689
0,2,1,0,1,2,0,1,0.49736
0,2,1,0,1,2,0,1,0.32703
1,2,1,1,1,2,21,1,0.29207
1,2,1,1,2,1,12,3,0.4148
0,2,1,0,2,2,0,1,0.86788
1,2,1,1,2,2,16,3,0.6626
0,2,1,0,2,2,0,1,0.34527
1,2,1,1,1,2,18,3,0.57465
0,2,1,0,1,1,0,1,0.37702
0,2,1,0,2,2,0,1,0.39857
0,2,1,0,1,2,0,1,0.44641
0,2,1,0,1,1,0,1,0.43831
1,2,1,1,1,2,21,3,0.44645
0,2,1,0,1,2,0,1,0.49173
0,2,1,0,1,1,0,1,0.47836
1,2,1,1,1,2,18,3,0.44341
1,2,1,1,1,2,19,3,0.43015
1,2,1,1,1,2,17,3,0.59565
1,2,1,1,2,2,18,3,0.43532
0,2,1,0,2,2,0,1,0.43265
0,2,1,0,1,2,0,1,0.41417
0,2,1,0,2,1,0,1,0.60854
0,2,1,0,1,1,0,1,0.37918
0,2,1,0,1,2,0,1,0.57366
0,2,2,0,2,2,0,1,0.459
0,2,2,0,2,2,0,1,0.3817
0,2,2,0,1,2,0,1,0.36012
0,2,2,0,2,1,0,1,0.55218
0,2,2,0,2,2,0,1,0.57894
0,2,2,0,1,2,0,1,0.34669
0,2,2,0,2,2,0,1,0.32825
1,2,2,1,1,1,16,3,0.42384
0,2,2,0,1,2,0,1,0.41331
0,2,2,0,1,1,0,1,0.30921
0,2,2,0,1,1,0,1,0.34635
0,2,2,0,1,2,0,1,0.38389
1,2,2,1,1,2,12,3,0.43702
0,2,2,0,1,2,0,1,0.4666
0,2,2,0,1,1,0,1,0.34117
0,2,2,0,2,1,0,1,0.39951
0,2,2,0,1,2,0,1,0.47418
1,2,2,1,1,2,18,3,0.39944
0,2,2,0,1,1,0,1,0.38879
0,2,2,0,1,1,0,1,0.57562
0,2,2,0,1,1,0,1,0.31662
0,2,2,0,2,1,0,1,0.38094
0,2,2,0,2,1,0,1,0.63652
0,2,2,0,2,2,0,1,0.59407
1,2,2,1,1,2,17,3,0.45797
0,2,2,0,2,2,0,1,0.50862
0,2,2,0,1,2,0,1,0.57494
1,2,2,1,2,2,10,3,0.43907
0,2,2,0,1,1,0,1,0.44455
0,2,2,0,1,1,0,1,0.58847
0,2,2,0,1,2,0,1,0.3644
0,2,2,0,2,2,0,1,0.43362
0,2,2,0,2,2,0,1,0.35351
1,2,2,1,2,2,11,3,0.59634
1,2,2,1,2,2,12,3,0.39878
0,2,2,0,1,2,0,1,0.51865
0,2,2,0,2,2,0,1,0.33745
0,2,2,0,2,1,0,1,0.33448
0,2,2,0,2,1,0,1,0.39614
0,2,2,0,1,1,0,1,0.33177
0,2,1,0,2,2,0,1,0.31849
0,2,1,0,2,1,0,1,0.25716
1,2,1,1,1,2,21,3,0.43853
0,2,1,0,1,1,0,1,0.35305
0,2,1,0,2,2,0,1,0.32909
1,2,1,1,2,2,13,3,0.39806
0,2,1,0,2,2,0,1,0.37425
0,2,1,0,2,1,0,1,0.30481
0,2,1,0,2,1,0,1,0.34728
0,2,1,0,1,1,0,1,0.34984
0,2,1,0,2,1,0,1,0.30723
1,2,1,1,2,2,10,3,0.38714
0,2,1,0,1,2,0,1,0.27535
0,2,1,0,2,2,0,1,0.46714
0,2,1,0,1,1,0,1,0.56597
0,2,1,0,2,1,0,1,0.275
0,2,1,0,2,2,0,1,0.30452
1,2,1,1,2,1,10,3,0.5682
1,2,1,1,2,1,11,3,0.36287
0,2,1,0,1,2,0,1,0.3069
0,2,1,0,2,1,0,1,0.34941
0,2,1,0,1,2,0,1,0.31492
1,2,1,1,2,1,18,3,0.42937
0,2,1,0,1,2,0,1,0.43486
1,2,1,1,2,1,11,3,0.3628
1,2,1,1,2,1,13,3,0.38651
0,2,1,0,2,1,0,1,0.29078
1,2,1,1,2,1,21,3,0.36791
0,2,1,0,2,2,0,1,0.51738
0,2,1,0,2,1,0,1,0.43706
0,2,1,0,2,2,0,1,0.34625
0,2,1,0,1,2,0,1,1.5706
0,2,1,0,1,1,0,1,0.36775
0,2,1,0,2,1,0,1,0.42643
0,2,1,0,2,1,0,1,0.32237
0,2,1,0,2,2,0,1,0.31956
0,2,1,0,1,2,0,1,0.31421
1,2,1,1,1,1,11,3,0.47161
1,2,1,1,2,1,13,3,0.39394
0,2,1,0,1,1,0,1,0.4206
0,2,1,0,2,1,0,1,0.49455
1,2,1,1,2,1,16,3,0.40674
0,2,1,0,2,1,0,1,0.38806
1,2,1,1,1,1,10,3,0.44656
0,2,1,0,2,2,0,1,0.33739
1,2,1,1,1,2,12,3,0.48098
0,2,1,0,1,2,0,1,0.40399
1,2,1,1,2,1,12,3,0.43303
0,2,1,0,2,1,0,1,0.40379
1,2,1,1,1,1,19,3,0.47028
0,2,1,0,1,1,0,1,0.3449
0,2,1,0,1,1,0,1,0.40073
0,2,1,0,2,2,0,1,0.39809
1,2,1,1,1,2,17,3,0.43828
0,2,1,0,2,1,0,1,0.45403
0,2,1,0,2,2,0,1,0.34461
0,2,1,0,1,1,0,1,0.55555
0,2,1,0,1,2,0,1,0.89399
0,2,1,0,1,1,0,1,0.45903
0,2,1,0,2,2,0,1,0.61917
0,2,1,0,2,1,0,1,0.53129
1,2,1,1,1,1,16,3,0.43787
0,2,1,0,2,1,0,1,0.36055
1,2,1,1,2,1,21,3,0.37618
0,2,1,0,1,2,0,1,0.36575
1,2,1,1,1,1,12,3,0.41636
1,2,1,1,2,2,16,3,0.5444
0,2,1,0,2,2,0,1,0.40269
1,2,1,1,2,1,18,3,0.37099
0,2,1,0,1,2,0,1,0.4243
0,2,1,0,1,2,0,1,0.47733
0,2,1,0,1,1,0,1,0.57075
0,2,1,0,1,2,0,1,0.37063
0,2,1,0,1,2,0,1,0.29573
0,2,1,0,2,1,0,1,0.29321
1,2,1,1,1,2,16,3,0.43701
0,2,1,0,1,2,0,1,0.4024
0,2,1,0,2,1,0,1,0.45554
0,2,1,0,1,1,0,1,0.27719
1,2,1,1,1,1,16,3,0.45039
0,2,2,0,1,2,0,1,0.38864
0,2,2,0,1,2,0,1,0.86858
0,2,2,0,2,1,0,1,0.49553
0,2,2,0,2,2,0,1,0.5353
1,2,2,1,2,2,17,3,0.43943
0,2,2,0,2,2,0,1,0.45811
0,2,2,0,2,2,0,1,0.36739
0,2,2,0,2,1,0,1,0.56711
0,2,2,0,1,1,0,1,0.42319
0,2,2,0,2,2,0,1,0.33259
0,2,2,0,2,2,0,1,0.32448
0,2,2,0,1,1,0,1,0.29209
0,2,2,0,2,1,0,1,0.46816
0,2,2,0,2,1,0,1,0.70809
0,2,2,0,2,1,0,1,0.67344
0,2,2,0,1,2,0,1,0.36137
0,2,2,0,1,2,0,1,0.51324
0,2,2,0,2,2,0,1,0.35329
0,2,2,0,2,1,0,1,0.35317
0,2,2,0,2,2,0,1,0.32103
0,2,2,0,2,2,0,1,0.68923
1,2,2,1,1,2,13,3,0.48668
0,2,2,0,1,1,0,1,1.3449
0,2,2,0,1,1,0,1,0.33438
1,2,2,1,1,2,15,3,0.44616
0,2,2,0,2,1,0,1,0.43036
1,2,2,1,2,2,12,3,0.37709
1,2,2,1,1,1,18,3,0.43826
0,2,2,0,2,1,0,1,0.39822
1,2,2,1,2,1,11,3,0.39007
0,2,2,0,2,1,0,1,0.53947
0,2,2,0,1,2,0,1,0.80869
0,2,2,0,1,1,0,1,0.39514
0,2,2,0,1,1,0,1,0.33925
0,2,2,0,2,1,0,1,0.28584
0,2,2,0,2,2,0,1,0.47263
0,2,2,0,1,2,0,1,0.35258
0,2,2,0,1,1,0,1,0.3684
1,2,2,1,1,2,13,3,0.44828
0,2,2,0,2,1,0,1,0.3895
0,2,2,0,1,1,0,1,0.46418
0,2,2,0,1,1,0,1,0.30952
0,2,2,0,1,1,0,1,0.36264
0,2,2,0,2,2,0,1,0.33591
0,2,2,0,1,2,0,1,0.27181
0,2,2,0,2,1,0,1,0.25881
1,2,2,1,1,2,18,3,0.51209
0,2,2,0,1,1,0,1,0.38671
0,2,2,0,1,1,0,1,0.81303
0,2,2,0,2,1,0,1,0.2612
1,2,2,1,1,2,14,1,0.2452
0,2,2,0,2,2,0,1,0.4077
0,2,2,0,2,1,0,1,0.37563
0,2,2,0,1,2,0,1,0.4342
0,2,2,0,2,2,0,1,0.41532
0,2,2,0,1,1,0,1,0.38636
1,2,2,1,2,1,20,3,0.4102
0,2,2,0,1,2,0,1,0.5462
0,2,2,0,1,1,0,1,0.49535
0,2,2,0,2,2,0,1,0.66056
0,2,2,0,2,2,0,1,0.57808
0,2,2,0,2,2,0,1,0.46036
1,2,2,1,1,1,12,3,0.45233
0,2,2,0,1,2,0,1,0.35627
0,2,2,0,1,2,0,1,0.36683
0,2,2,0,2,1,0,1,0.37223
1,2,2,1,2,2,16,3,0.44415
1,2,2,1,2,1,16,1,0.44962
0,2,2,0,1,2,0,1,0.32695
0,2,2,0,2,1,0,1,0.67609
0,2,2,0,2,1,0,1,1.0149
0,2,2,0,1,2,0,1,0.41751
0,2,2,0,2,1,0,1,0.35621
1,2,2,1,1,2,11,3,0.38786
1,2,2,1,2,2,10,3,0.39606
0,2,2,0,2,2,0,1,0.36131
0,2,2,0,1,1,0,1,0.36113
0,2,2,0,1,1,0,1,0.87855
0,2,2,0,1,1,0,1,0.38521
0,2,2,0,1,2,0,1,0.87856
1,2,2,1,2,1,12,3,0.77087
0,2,2,0,2,1,0,1,0.44805
0,2,2,0,1,1,0,1,0.36515
1,2,2,1,2,2,12,3,0.51711
1,2,2,1,1,2,16,3,0.53857
1,2,2,1,1,1,14,3,0.87433
0,2,2,0,1,1,0,1,0.3705
0,2,2,0,1,1,0,1,0.26915
1,2,2,1,1,1,12,3,0.73827
0,2,2,0,2,2,0,1,0.49836
0,2,2,0,1,1,0,1,0.75973
0,2,2,0,1,2,0,1,0.49542
1,2,2,1,2,1,13,3,0.66623
0,2,2,0,2,2,0,1,0.37531
0,2,2,0,2,2,0,1,0.43151
0,2,2,0,2,2,0,1,0.498
1,2,2,1,1,2,14,3,0.48989
0,2,2,0,1,1,0,1,0.51939
0,2,2,0,1,1,0,1,0.48435
1,2,2,1,2,1,11,3,0.42297
0,2,2,0,2,2,0,1,0.37495
1,2,2,1,2,2,15,3,0.50818
0,2,2,0,2,1,0,1,0.54826
0,2,2,0,1,2,0,1,0.5001
0,2,2,0,1,1,0,1,0.49479
1,2,2,1,1,1,12,3,0.42818
1,2,2,1,2,1,14,1,0.35099
0,2,2,0,2,2,0,3,0.49474
0,2,2,0,1,1,0,1,0.45464
0,2,2,0,1,2,0,1,0.32917
0,2,2,0,1,2,0,1,0.47617
1,2,2,1,2,1,18,3,0.62272
0,2,2,0,1,2,0,1,0.61996
1,2,2,1,2,1,16,3,1.0253
0,2,2,0,1,1,0,1,0.41984
0,2,2,0,2,1,0,1,0.41153
0,2,2,0,1,2,0,1,0.69172
0,2,2,0,2,2,0,1,0.37423
1,2,2,1,1,2,18,3,0.49714
1,2,2,1,1,1,14,3,1.0087
1,2,1,1,2,1,15,3,0.52348
0,2,1,0,2,1,0,1,0.39012
0,2,1,0,1,1,0,1,0.48605
0,2,1,0,2,1,0,1,0.3314
0,2,1,0,1,1,0,1,0.37402
0,2,1,0,1,2,0,1,0.31789
0,2,1,0,2,2,0,1,0.30988
0,2,1,0,2,1,0,1,0.42698
0,2,1,0,1,2,0,1,0.33378
0,2,1,0,2,1,0,1,0.2991
0,2,1,0,2,1,0,1,0.52537
0,2,1,0,2,1,0,1,0.27768
0,2,1,0,1,1,0,1,0.31228
0,2,1,0,1,2,0,1,0.40287
0,2,1,0,1,1,0,1,0.55211
0,2,1,0,1,1,0,1,0.42941
0,2,1,0,1,1,0,1,0.51461
0,2,1,0,1,1,0,1,0.52513
0,2,1,0,2,2,0,1,0.66105
0,2,1,0,2,2,0,1,0.3224
0,2,1,0,2,1,0,1,0.34901
1,2,1,1,2,2,19,3,0.48492
0,2,1,0,2,1,0,1,0.36757
0,2,1,0,2,1,0,1,0.58093
0,2,1,0,1,1,0,1,0.67949
0,2,1,0,2,1,0,1,0.38881
1,2,1,1,1,1,19,3,1.029
1,2,1,1,1,1,18,3,0.52751
0,2,1,0,2,2,0,1,0.34607
0,2,1,0,2,1,0,1,0.45014
0,2,1,0,1,1,0,1,0.29538
0,2,1,0,1,1,0,1,0.53787
1,2,1,1,2,2,21,3,0.5725
1,2,1,1,2,1,15,3,0.57238
0,2,1,0,2,2,0,1,0.75389
0,2,1,0,1,1,0,1,0.46314
1,2,1,1,2,2,12,3,0.43084
1,2,1,1,1,1,21,3,0.3909
0,2,1,0,1,1,0,1,0.47374
0,2,1,0,2,1,0,1,0.61733
0,2,1,0,1,2,0,1,0.53435
0,2,1,0,2,1,0,1,0.51284
1,2,1,1,2,1,18,3,0.51804
0,2,1,0,2,2,0,1,0.38473
0,2,1,0,1,1,0,1,0.46481
0,2,1,0,1,1,0,1,0.7662
0,2,1,0,2,2,0,1,0.31018
0,2,1,0,2,1,0,1,0.30446
0,2,1,0,2,2,0,1,0.26209
0,2,1,0,2,1,0,1,0.36061
1,2,1,1,1,2,20,3,0.42981
0,2,1,0,2,1,0,1,0.41101
0,2,1,0,2,2,0,1,0.2989
1,2,1,1,2,1,11,3,0.43221
0,2,1,0,2,2,0,1,0.6135
0,2,1,0,1,1,0,1,0.35485
1,2,1,1,2,1,14,3,0.37643
0,2,1,0,2,2,0,1,0.34173
0,2,1,0,1,1,0,1,0.28551
0,2,1,0,1,1,0,1,0.37093
1,2,1,1,1,1,18,3,0.46424
0,2,1,0,1,2,0,1,0.42407
0,2,1,0,1,1,0,1,0.34927
0,2,1,0,2,2,0,1,0.30377
0,2,1,0,2,2,0,1,0.32008
0,2,1,0,2,1,0,1,0.31187
0,2,1,0,1,1,0,1,0.27435
1,2,1,1,1,2,15,3,0.43729
1,2,1,1,1,2,13,3,0.47449
0,2,1,0,2,2,0,1,0.3492
0,2,1,0,2,2,0,1,0.31439
1,2,1,1,2,2,15,3,0.50635
0,2,1,0,1,1,0,1,0.31401
1,2,1,1,1,2,15,3,0.39413
0,2,1,0,1,2,0,1,0.34078
0,2,1,0,2,1,0,1,0.39427
0,2,1,0,1,1,0,1,0.3592
0,2,1,0,1,1,0,1,0.35665
0,2,1,0,1,2,0,1,0.52185
0,2,1,0,2,1,0,1,0.31638
