1,3,2,1,1,1,18,1,0.67884
0,3,2,0,1,1,0,1,1.18
0,3,2,0,2,1,0,1,1.0412
0,3,2,0,2,1,0,1,1.5931
0,3,2,0,1,2,0,1,0.74256
1,3,2,1,2,2,16,3,0.52118
1,3,2,1,2,1,13,3,0.61993
1,3,2,1,2,2,12,3,0.49168
0,3,2,0,2,2,0,1,0.5529
0,3,2,0,2,2,0,1,0.63832
1,3,2,1,1,2,17,3,0.46767
1,3,2,1,2,2,10,3,0.45147
1,3,2,1,1,1,14,3,0.51286
0,3,2,0,2,1,0,1,0.52342
0,3,2,0,1,2,0,1,0.51285
0,3,2,0,1,1,0,1,0.54212
0,3,2,0,2,2,0,1,0.49925
1,3,2,1,2,1,13,3,0.41657
0,3,2,0,2,2,0,1,0.63524
1,3,2,1,2,2,12,3,0.43516
1,3,2,1,1,2,18,3,0.45376
0,3,2,0,1,2,0,1,0.51239
0,3,2,0,2,2,0,1,0.45107
1,3,2,1,2,2,13,3,0.44549
0,3,2,0,2,1,0,1,0.44011
0,3,2,0,1,2,0,1,0.51207
1,3,2,1,1,2,19,3,0.53899
0,3,2,0,2,1,0,1,0.59215
1,3,2,1,1,1,12,3,0.56014
1,3,2,1,1,1,10,3,0.44008
1,3,2,1,1,1,16,3,0.44265
0,3,2,0,1,1,0,1,0.3706
1,3,2,1,1,2,19,3,0.44508
0,3,2,0,2,1,0,1,0.36523
1,3,2,1,1,2,11,3,0.45315
1,3,2,1,1,1,16,3,0.50621
0,3,2,0,1,1,0,1,0.55947
0,3,2,0,2,2,0,1,0.47961
1,3,2,1,2,1,13,3,0.44238
0,3,2,0,2,2,0,1,0.45551
0,3,2,0,1,1,0,1,0.52984
0,3,2,0,1,1,0,1,0.42044
1,3,2,1,2,1,21,3,0.42569
1,3,2,1,2,2,16,3,0.45485
1,3,2,1,1,1,21,3,0.49231
0,3,2,0,2,1,0,1,0.34319
1,3,2,1,1,2,20,3,0.3911
1,3,2,1,1,1,20,3,0.33763
1,3,2,1,1,2,10,3,0.39365
0,3,2,0,1,1,0,1,0.41495
0,3,2,0,2,2,0,1,0.43611
1,3,2,1,1,2,13,3,0.37215
1,3,2,1,2,1,11,3,0.47323
1,3,2,1,2,1,20,3,0.41474
1,3,2,1,1,1,20,3,0.42269
0,3,2,0,1,1,0,1,0.41993
1,3,2,1,1,1,20,3,0.40655
0,3,2,0,2,1,0,1,0.39844
0,3,2,0,2,2,0,1,0.48109
1,3,2,1,2,2,20,3,0.42501
1,3,2,1,2,1,11,3,0.41151
1,3,2,1,1,2,10,3,0.43547
1,3,2,1,1,2,18,3,0.46222
0,3,2,0,1,2,0,1,0.39534
1,3,2,1,2,2,10,3,0.40345
0,3,2,0,2,2,0,1,0.37953
0,3,2,0,2,2,0,1,0.40601
0,3,2,0,1,2,0,1,0.44053
0,3,2,0,2,1,0,1,0.44863
0,3,2,0,2,2,0,1,0.43794
0,3,2,0,2,1,0,1,0.42456
1,3,2,1,1,1,20,3,0.41908
1,3,2,1,2,1,17,3,0.41634
0,3,2,0,2,1,0,1,0.48057
0,3,2,0,1,2,0,1,0.55777
1,3,2,1,1,2,19,3,0.44307
0,3,2,0,1,2,0,1,0.35515
1,3,2,1,2,1,19,3,0.43509
1,3,2,1,2,2,14,3,0.47499
0,3,2,0,2,1,0,1,0.46924
1,3,1,1,2,1,20,3,0.61313
1,3,1,1,2,1,14,3,0.4587
1,3,1,1,2,2,10,3,0.41868
1,3,1,1,1,2,19,3,0.41566
1,3,1,1,1,2,20,3,0.33852
0,3,1,0,1,2,0,1,0.46357
1,3,1,1,2,1,13,3,0.42105
1,3,1,1,1,1,20,3,0.37547
1,3,1,1,2,1,20,3,0.42894
1,3,1,1,2,2,12,3,0.36743
1,3,1,1,1,2,12,3,0.41273
1,3,1,1,1,1,15,3,0.37009
0,3,1,0,2,2,0,1,0.37528
1,3,1,1,2,2,13,3,0.53534
1,3,1,1,1,2,20,3,0.35681
0,3,1,0,1,2,0,1,0.48175
0,3,1,0,2,1,0,1,0.54836
1,3,1,1,2,2,13,3,0.40435
0,3,1,0,1,2,0,1,0.42594
1,3,1,1,1,2,15,3,0.40966
1,3,1,1,1,2,12,3,0.38849
0,3,1,0,2,1,0,1,0.35101
0,3,1,0,1,1,0,1,0.39102
0,3,1,0,1,2,0,1,0.34826
0,3,1,0,1,2,0,1,0.34814
1,3,1,1,2,1,20,3,0.35864
0,3,1,0,2,2,0,1,0.40146
1,3,1,1,2,1,15,3,0.43592
1,3,1,1,2,1,21,3,0.36411
1,3,1,1,2,2,21,3,0.33993
1,3,1,1,2,2,21,3,0.33705
0,3,1,0,2,2,0,1,0.43051
1,3,1,1,2,2,19,3,0.34527
1,3,1,1,2,2,12,3,0.37175
0,3,1,0,1,2,0,1,0.37969
1,3,1,1,1,1,11,3,0.40641
0,3,1,0,2,1,0,1,0.3584
0,3,1,0,2,1,0,1,0.35297
0,3,1,0,2,1,0,1,0.37405
0,3,1,0,2,1,0,1,0.3821
0,3,1,0,2,2,0,1,0.41392
0,3,1,0,2,2,0,1,0.32857
1,3,1,1,2,2,15,3,0.45927
0,3,1,0,2,2,0,1,0.38182
0,3,1,0,1,2,0,1,0.33372
1,3,1,1,2,2,17,3,0.42198
0,3,1,0,2,1,0,1,0.33123
1,3,1,1,2,1,17,3,0.43249
1,3,1,1,2,2,12,3,0.44055
0,3,1,0,2,2,0,1,0.33096
1,3,1,1,2,2,18,3,0.45888
0,3,1,0,1,1,0,1,0.35483
1,3,1,1,1,2,20,3,0.43476
0,3,1,0,2,1,0,1,0.44818
1,3,1,1,2,2,11,3,0.37083
1,3,1,1,2,2,21,3,0.44551
1,3,1,1,1,2,18,3,0.39729
0,3,1,0,1,2,0,1,0.50395
1,3,1,1,1,1,15,3,0.43704
0,3,1,0,2,2,0,1,0.39469
0,3,1,0,2,2,0,1,0.35703
0,3,1,0,2,2,0,1,0.37055
0,3,1,0,2,1,0,1,0.38113
1,3,1,1,2,2,16,3,0.43455
0,3,1,0,2,2,0,1,0.36786
1,3,1,1,2,1,16,3,0.45558
1,3,1,1,2,2,19,3,0.37281
1,3,1,1,2,1,13,3,0.43678
1,3,1,1,1,2,10,3,0.34087
0,3,1,0,2,2,0,1,0.38359
1,3,1,1,2,2,17,3,0.4074
0,3,1,0,1,1,0,1,0.43139
0,3,1,0,2,2,0,1,0.47404
1,3,1,1,1,2,12,3,0.36981
1,3,1,1,1,2,12,3,0.39937
1,3,1,1,2,1,19,3,0.4978
1,3,1,1,1,1,10,3,0.33788
0,3,1,0,1,1,0,1,0.52695
0,3,1,0,2,2,0,1,0.52161
1,3,1,1,2,2,14,3,0.53488
0,3,2,0,1,1,0,1,0.47366
0,3,2,0,1,1,0,1,0.38545
0,3,2,0,1,2,0,1,0.64923
0,3,2,0,2,2,0,1,0.31614
1,3,2,1,2,1,17,3,0.41459
1,3,2,1,1,2,21,3,0.40664
0,3,2,0,2,1,0,1,0.46776
0,3,2,0,2,2,0,1,0.55831
1,3,2,1,2,2,16,3,0.39589
0,3,2,0,1,2,0,1,0.39051
1,3,2,1,2,1,11,3,0.38489
0,3,2,0,2,1,0,1,0.34745
0,3,2,0,1,1,0,1,0.40901
1,3,2,1,1,2,12,3,0.37955
0,3,2,0,1,1,0,1,0.36891
0,3,2,0,1,2,0,1,0.38758
0,3,2,0,2,2,0,1,0.40869
1,3,2,1,2,1,11,3,0.43553
1,3,2,1,1,1,13,3,0.54728
1,3,2,1,2,2,13,3,0.40322
0,3,2,0,1,1,0,1,0.45378
1,3,2,1,1,2,11,3,0.35004
0,3,2,0,1,1,0,1,0.45935
1,3,2,1,1,1,20,3,0.41109
1,3,2,1,1,1,13,3,0.42697
0,3,2,0,1,1,0,1,0.40566
0,3,2,0,1,1,0,1,0.50714
0,3,2,0,1,1,0,1,0.5151
1,3,2,1,1,2,15,3,0.37368
0,3,2,0,2,2,0,1,0.34131
1,3,2,1,1,2,16,3,0.45063
1,3,2,1,1,1,13,3,0.36809
1,3,2,1,2,1,17,3,0.38388
1,3,2,1,2,2,11,3,0.38411
0,3,2,0,1,2,0,1,0.47748
0,3,2,0,2,2,0,1,0.48
1,3,2,1,2,1,18,3,0.42645
0,3,2,0,2,1,0,1,0.36534
0,3,2,0,2,1,0,1,0.41057
0,3,2,0,1,2,0,1,0.3918
0,3,2,0,1,1,0,1,0.47937
1,3,2,1,1,1,19,3,0.47142
0,3,2,0,1,1,0,1,0.43671
0,3,2,0,1,1,0,1,0.44476
0,3,2,0,1,1,0,1,0.40755
1,3,2,1,2,2,10,3,0.43396
0,3,2,0,2,2,0,1,0.3911
1,3,2,1,1,2,21,3,0.38059
0,3,2,0,2,1,0,1,0.33799
0,3,2,0,1,2,0,1,0.36988
1,3,2,1,1,1,20,3,0.41767
1,3,2,1,1,2,19,3,0.49524
0,3,2,0,2,2,0,1,0.38828
0,3,2,0,1,1,0,1,0.40178
1,3,2,1,2,2,11,3,0.43635
0,3,2,0,1,2,0,1,0.35894
1,3,2,1,2,2,10,3,0.388
1,3,2,1,2,2,12,3,0.4253
0,3,2,0,2,1,0,1,0.36391
1,3,2,1,1,2,11,3,0.41733
1,3,2,1,1,2,16,3,0.48913
1,3,2,1,2,2,20,3,0.41438
0,3,2,0,2,2,0,1,0.4466
1,3,2,1,2,2,18,3,0.4386
1,3,2,1,2,2,21,3,0.44129
0,3,2,0,2,2,0,1,0.42512
1,3,2,1,1,2,11,3,0.45952
1,3,2,1,1,1,11,3,0.43553
1,3,2,1,1,1,19,3,0.47032
0,3,2,0,2,2,0,1,0.45978
0,3,2,0,2,2,0,1,0.47833
0,3,2,0,1,2,0,1,0.43813
0,3,2,0,1,1,0,1,0.37406
0,3,2,0,1,2,0,1,0.38477
0,3,2,0,1,2,0,1,0.38209
1,3,2,1,2,2,20,3,0.38206
1,3,2,1,1,2,11,3,0.45674
0,3,2,0,2,1,0,1,0.46185
1,3,2,1,2,2,15,3,0.37379
0,3,2,0,1,2,0,1,0.45382
1,3,1,1,1,2,12,3,0.44558
1,3,1,1,2,1,15,3,0.37076
0,3,1,0,1,2,0,1,0.45901
0,3,1,0,2,2,0,1,0.43217
1,3,1,1,2,1,10,3,0.33598
1,3,1,1,1,2,14,3,0.37061
1,3,1,1,2,2,15,3,0.35726
1,3,1,1,1,1,14,3,0.42655
1,3,1,1,1,2,17,3,0.39999
0,3,1,0,1,1,0,1,0.34127
0,3,1,0,1,1,0,1,0.37867
0,3,1,0,1,1,0,1,0.39465
0,3,1,0,2,1,0,1,0.40519
1,3,1,1,2,2,18,1,0.4102
0,3,1,0,2,1,0,1,0.49854
0,3,1,0,1,1,0,1,0.41583
0,3,1,0,1,1,0,1,0.40232
1,3,1,1,1,2,21,3,0.34618
1,3,1,1,2,1,20,3,0.39164
0,3,1,0,2,1,0,1,0.55144
1,3,1,1,1,1,10,3,0.40728
0,3,1,0,2,2,0,1,0.40729
1,3,1,1,2,1,21,3,0.38849
1,3,1,1,2,1,19,3,0.36985
1,3,1,1,2,1,17,3,0.44734
1,3,1,1,1,1,19,3,0.36997
0,3,1,0,1,1,0,1,0.41802
0,3,1,0,2,1,0,1,0.42585
0,3,1,0,2,1,0,1,0.38833
1,3,1,1,1,1,10,3,0.39364
1,3,1,1,1,2,13,3,0.37505
0,3,1,0,2,1,0,1,0.40433
0,3,1,0,2,1,0,1,0.38821
0,3,1,0,1,2,0,1,0.33214
1,3,1,1,1,2,19,3,0.34528
1,3,1,1,2,1,10,3,0.4333
1,3,1,1,2,1,12,3,0.41449
1,3,1,1,1,2,15,3,0.47867
1,3,1,1,2,1,10,3,0.33737
1,3,1,1,2,1,12,3,0.36674
1,3,1,1,2,1,17,3,0.47314
1,3,1,1,2,1,17,3,0.34756
0,3,1,0,2,2,0,1,0.37957
0,3,1,0,1,2,0,1,0.37166
0,3,1,0,1,1,0,1,0.40624
0,3,1,0,1,1,0,1,0.44873
0,3,1,0,1,1,0,1,0.34736
0,3,1,0,2,1,0,1,0.36083
0,3,1,0,2,2,0,1,0.38188
0,3,1,0,2,2,0,1,0.398
1,3,1,1,2,1,17,3,0.41656
0,3,1,0,2,2,0,1,0.41399
1,3,1,1,1,1,15,3,0.61103
0,3,1,0,2,1,0,1,0.37927
0,3,1,0,2,2,0,1,0.44288
0,3,1,0,1,1,0,1,0.43227
1,3,1,1,1,2,19,3,0.44012
1,3,1,1,2,1,13,3,0.42137
1,3,1,1,2,2,19,3,0.38973
0,3,1,0,2,2,0,1,0.38429
0,3,1,0,1,1,0,1,0.53358
0,3,1,0,2,2,0,1,0.38407
1,3,1,1,2,2,14,3,0.41593
0,3,1,0,2,2,0,1,0.39216
0,3,1,0,2,2,0,1,0.34911
0,3,1,0,2,2,0,1,0.40515
1,3,1,1,1,2,10,3,0.43177
0,3,1,0,2,1,0,1,0.4904
1,3,1,1,1,2,14,3,0.42891
0,3,1,0,1,1,0,1,0.60779
0,3,1,0,1,1,0,1,0.36508
1,3,1,1,1,1,13,3,0.4529
0,3,1,0,2,2,0,1,0.42107
0,3,1,0,2,2,0,1,0.42069
1,3,1,1,2,2,18,3,0.45821
1,3,1,1,1,2,17,3,0.44748
1,3,1,1,2,2,16,3,0.40204
1,3,1,1,1,2,21,3,0.32725
0,3,1,0,1,2,0,1,0.40215
1,3,1,1,1,1,11,3,0.35393
0,3,1,0,1,1,0,1,0.41257
0,3,1,0,2,2,0,1,0.38327
0,3,1,0,2,2,0,1,0.34829
0,3,1,0,1,2,0,1,0.3965
0,3,1,0,2,2,0,1,0.38845
1,3,1,1,1,2,21,3,0.41497
1,3,1,1,2,1,17,3,0.34029
1,3,1,1,1,1,20,3,0.3455
1,3,1,1,2,1,10,3,0.34817
0,3,1,0,2,2,0,1,0.41721
0,3,1,0,2,1,0,1,0.33988
1,3,1,1,1,2,19,3,0.36122
1,3,1,1,2,1,20,3,0.40932
1,3,1,1,1,2,11,3,0.37975
0,3,1,0,1,1,0,1,0.40653
1,3,1,1,2,2,20,3,0.38767
0,3,1,0,2,1,0,1,0.63053
1,3,1,1,1,2,12,3,0.3662
0,3,1,0,2,1,0,1,0.54492
1,3,1,1,2,2,16,3,0.38218
1,3,1,1,2,1,11,3,0.35304
1,3,1,1,1,1,15,3,0.38746
1,3,1,1,2,1,21,3,0.36074
1,3,1,1,2,1,17,3,0.46218
0,3,1,0,2,1,0,1,0.36053
1,3,1,1,1,2,12,3,0.42719
0,3,1,0,1,2,0,1,0.34455
0,3,1,0,2,1,0,1,0.40595
0,3,1,0,2,2,0,1,0.33374
1,3,1,1,2,2,21,3,0.4645
0,3,1,0,1,1,0,1,0.54699
1,3,1,1,1,1,10,3,0.38151
1,3,1,1,1,2,13,3,0.43216
0,3,1,0,2,1,0,1,0.51759
1,3,1,1,1,1,14,3,0.41091
0,3,1,0,1,2,0,1,0.39742
0,3,1,0,2,1,0,1,0.37081
1,3,1,1,1,1,21,3,0.46394
1,3,1,1,1,1,14,3,0.41059
1,3,1,1,2,1,16,3,0.40285
0,3,2,0,2,1,0,1,0.59706
1,3,2,1,1,2,21,1,0.31987
0,3,2,0,1,1,0,1,0.4079
1,3,2,1,2,1,10,3,0.48756
0,3,2,0,2,2,0,1,0.41824
0,3,2,0,2,2,0,1,0.38351
1,3,2,1,2,2,15,3,0.49027
0,3,2,0,1,1,0,1,0.41026
0,3,2,0,2,1,0,1,0.35667
1,3,2,1,1,1,13,3,0.41001
0,3,2,0,1,2,0,1,0.36468
1,3,2,1,1,2,18,3,0.45782
0,3,2,0,2,2,0,1,0.40735
0,3,2,0,1,2,0,1,0.44723
0,3,2,0,1,1,0,1,0.43642
0,3,2,0,2,2,0,1,0.41255
0,3,2,0,2,1,0,1,0.36165
1,3,2,1,1,2,17,3,0.4684
1,3,2,1,1,2,17,3,0.44434
0,3,2,0,2,2,0,1,0.56164
1,3,2,1,2,2,18,3,0.43366
1,3,2,1,2,1,13,3,0.44692
0,3,2,0,2,2,0,1,0.53234
0,3,2,0,2,2,0,1,0.56929
1,3,2,1,1,2,20,3,0.41732
0,3,2,0,1,2,0,1,0.43065
0,3,2,0,2,1,0,1,0.37985
1,3,2,1,1,2,14,3,0.48381
0,3,2,0,2,2,0,1,0.39842
1,3,2,1,1,1,10,3,0.44364
0,3,2,0,2,1,0,1,0.40925
0,3,2,0,1,2,0,1,0.40098
1,3,2,1,1,2,11,3,0.46754
1,3,2,1,2,1,19,3,0.52112
1,3,2,1,1,2,15,3,0.44111
0,3,2,0,1,1,0,1,0.45971
1,3,2,1,1,2,20,3,0.4301
0,3,2,0,1,2,0,1,0.50204
1,3,2,1,2,1,12,3,0.46209
1,3,2,1,1,1,20,3,0.40858
0,2,1,0,2,2,0,1,0.6567
0,2,1,0,1,1,0,1,0.35256
0,2,1,0,2,1,0,1,0.38689
1,2,1,1,1,2,14,3,0.68569
0,2,1,0,1,1,0,1,0.37878
0,2,1,0,1,2,0,1,0.34137
0,2,1,0,2,1,0,1,0.32568
0,2,1,0,1,2,0,1,0.33089
0,2,1,0,2,1,0,1,0.35221
0,2,1,0,2,1,0,1,0.34671
0,2,1,0,1,1,0,1,0.33877
0,2,1,0,2,1,0,1,0.36804
0,2,1,0,2,2,0,1,0.37082
0,2,1,0,1,2,0,1,0.3118
0,2,1,0,2,2,0,1,0.3358
0,2,1,0,2,1,0,1,0.3438
0,2,1,0,1,2,0,1,0.35979
1,2,1,1,1,2,19,3,0.43156
0,2,1,0,2,1,0,1,0.42376
0,2,1,0,2,2,0,1,0.40492
0,2,1,0,1,2,0,1,0.41033
0,2,1,0,1,1,0,1,0.43168
0,2,1,0,1,1,0,1,0.39681
0,2,1,0,1,2,0,1,0.36209
0,2,1,0,2,1,0,1,0.33264
0,2,1,0,1,2,0,1,0.42337
0,2,1,0,1,1,0,1,0.41529
1,2,1,1,2,1,16,3,0.5032
1,2,1,1,1,2,10,3,0.34318
0,2,1,0,2,2,0,1,0.44454
0,2,1,0,1,2,0,1,0.5536
0,2,1,0,1,2,0,1,0.42291
0,2,1,0,2,1,0,1,0.37242
0,2,1,0,2,1,0,1,0.37502
0,2,1,0,2,1,0,1,0.36968
0,2,1,0,1,2,0,1,0.34279
0,2,1,0,1,2,0,1,0.35336
0,2,1,0,1,1,0,1,0.43361
0,2,1,0,2,1,0,1,0.46287
0,2,1,0,1,1,0,1,0.35603
0,2,1,0,2,2,0,1,0.64402
0,2,1,0,1,2,0,1,0.4571
0,2,1,0,2,1,0,1,0.40643
0,2,1,0,1,1,0,1,0.36121
0,2,1,0,2,1,0,1,0.38776
0,2,1,0,1,2,0,1,0.34508
1,2,1,1,2,1,20,3,0.44344
1,2,1,1,2,1,16,3,0.50479
0,2,1,0,1,1,0,1,0.4353
0,2,1,0,1,1,0,1,0.40595
0,2,1,0,1,2,0,1,0.32867
0,2,1,0,2,1,0,1,0.39273
0,2,1,0,2,1,0,1,0.33377
1,2,1,1,2,2,20,3,0.4004
0,2,1,0,2,2,0,1,0.38199
0,2,1,0,2,2,0,1,0.3927
0,2,1,0,2,2,0,1,0.36026
0,2,1,0,2,2,0,1,0.3604
0,2,1,0,1,2,0,1,0.37643
0,2,1,0,2,1,0,1,0.29649
0,2,1,0,2,2,0,1,0.40811
1,2,1,1,1,2,13,3,0.46683
1,2,1,1,1,2,14,3,0.34147
0,2,1,0,2,2,0,1,0.51745
0,2,1,0,1,2,0,1,0.31731
1,2,1,1,2,2,18,3,0.47454
0,2,1,0,2,2,0,1,0.42138
0,2,1,0,2,1,0,1,0.4054
0,2,1,0,1,1,0,1,0.38917
0,2,1,0,2,1,0,1,0.39712
0,2,1,0,2,2,0,1,0.58931
0,2,1,0,2,2,0,1,0.35184
0,2,1,0,2,2,0,1,0.33319
0,2,1,0,2,2,0,1,0.38092
1,2,1,1,1,2,10,3,0.40769
0,2,1,0,1,1,0,1,0.35433
0,2,1,0,2,2,0,1,0.33831
0,2,1,0,1,2,0,1,0.33548
0,2,1,0,1,1,0,1,0.33532
0,2,1,0,1,1,0,1,0.32732
0,2,1,0,1,2,0,3,0.70039
0,2,1,0,1,1,0,1,0.36977
1,2,1,1,2,2,12,3,0.45503
0,2,1,0,2,2,0,1,0.29255
0,2,1,0,1,1,0,1,0.39357
0,2,1,0,1,2,0,1,0.32706
1,2,1,1,1,1,11,3,0.38303
1,2,1,1,1,2,16,3,0.43876
0,2,1,0,1,1,0,1,0.31624
1,2,1,1,1,2,20,3,0.38562
1,2,1,1,1,2,20,3,0.37475
0,2,1,0,1,2,0,1,0.3721
1,2,1,1,2,1,14,3,0.46808
0,2,1,0,1,1,0,1,0.41449
0,2,1,0,2,2,0,1,0.36407
0,2,1,0,1,1,0,1,0.36914
0,2,1,0,2,1,0,1,0.32665
0,2,1,0,2,1,0,1,0.32109
1,2,1,1,2,2,17,3,0.49452
0,2,1,0,1,2,0,1,0.39577
0,2,1,0,1,1,0,1,0.31309
0,2,1,0,1,1,0,1,0.35811
0,2,1,0,2,1,0,1,0.32903
0,2,1,0,1,2,0,1,0.42768
0,2,1,0,1,2,0,1,0.3449
0,2,1,0,1,2,0,1,0.34485
1,2,1,1,1,2,19,3,0.41145
0,2,1,0,2,1,0,1,0.50452
0,2,1,0,2,2,0,1,0.39277
0,2,1,0,1,1,0,1,0.38742
1,2,1,1,2,1,17,3,0.46194
0,2,1,0,1,1,0,1,0.38206
1,2,1,1,1,1,21,3,0.45911
1,2,1,1,1,1,17,3,0.39254
0,2,1,0,1,1,0,1,0.41626
1,2,1,1,1,1,15,3,0.4431
1,2,1,1,1,1,15,3,0.38164
0,2,1,0,1,2,0,1,0.38156
0,2,1,0,1,2,0,1,0.32539
1,2,1,1,1,2,19,3,0.45621
0,2,2,0,1,1,0,3,0.54137
1,2,2,1,2,2,16,3,0.46663
1,2,2,1,1,1,19,3,0.45858
0,2,2,0,2,1,0,1,0.41873
1,2,2,1,1,1,10,3,0.46666
1,2,2,1,1,2,18,3,0.4263
1,2,2,1,2,2,14,3,0.46368
0,2,2,0,2,2,0,1,0.50384
0,2,2,0,2,2,0,1,0.37015
1,2,2,1,1,1,17,3,0.4478
1,2,2,1,1,1,16,3,0.43435
0,2,2,0,2,2,0,1,0.44507
1,2,2,1,1,1,16,3,0.46097
0,2,2,0,2,2,0,1,0.44208
0,2,2,0,2,1,0,1,0.42082
1,2,2,1,1,2,18,3,0.41266
0,2,2,0,1,1,0,1,0.41801
0,2,2,0,2,2,0,1,0.41519
0,2,2,0,1,2,0,1,0.40439
0,2,2,0,1,2,0,1,0.39117
0,2,2,0,2,1,0,1,0.4018
0,2,2,0,2,1,0,1,0.43641
0,2,2,0,2,2,0,1,0.37773
1,2,2,1,1,1,10,3,0.42582
0,2,2,0,2,2,0,1,0.37229
0,2,2,0,1,1,0,1,0.37764
1,2,2,1,2,1,17,3,0.45505
0,2,2,0,1,2,0,1,0.40429
0,2,2,0,1,1,0,1,0.53486
1,2,2,1,2,1,21,3,0.48924
0,2,2,0,1,2,0,1,0.40933
0,2,2,0,1,1,0,1,0.39858
1,2,2,1,1,2,12,3,0.40909
0,2,2,0,2,1,0,1,0.34521
0,2,2,0,1,2,0,1,0.41428
0,2,2,0,2,2,0,1,0.40391
0,2,2,0,1,2,0,1,0.40372
1,2,2,1,1,1,14,3,0.46254
0,2,2,0,1,2,0,1,0.38746
1,2,2,1,1,2,18,3,0.49443
0,2,2,0,2,2,0,1,0.56351
0,2,2,0,1,2,0,1,0.54994
0,2,2,0,2,2,0,1,0.41956
0,2,2,0,1,2,0,1,0.41643
0,2,2,0,1,1,0,1,0.43517
0,2,2,0,1,2,0,1,0.43533
0,2,2,0,2,2,0,1,0.36067
1,2,2,1,1,1,21,3,0.45643
0,2,2,0,2,1,0,1,0.46978
0,2,2,0,1,2,0,1,0.37621
0,2,2,0,2,1,0,1,0.37628
1,2,2,1,2,1,17,3,0.45086
0,2,2,0,2,2,0,1,0.47509
1,2,2,1,2,2,17,3,0.40029
0,2,2,0,1,2,0,1,0.46944
0,2,2,0,2,1,0,1,0.4056
0,2,2,0,2,2,0,1,0.43717
0,2,2,0,1,1,0,1,0.36274
1,2,2,1,1,2,15,3,0.47176
0,2,2,0,2,2,0,1,0.39456
1,2,2,1,1,1,21,3,0.45836
0,2,2,0,1,1,0,1,0.36792
0,2,2,0,2,2,0,1,0.37319
1,2,2,1,1,1,10,3,0.41553
1,2,2,1,2,1,17,3,0.54914
1,2,2,1,1,2,18,3,0.4264
0,2,2,0,2,2,0,1,0.42902
1,2,2,1,2,2,10,3,0.413
0,2,2,0,2,2,0,1,0.36197
0,2,2,0,1,1,0,1,0.40202
0,2,2,0,2,2,0,1,0.35952
0,2,2,0,2,2,0,1,0.44222
1,2,2,1,2,2,12,3,0.38606
0,2,2,0,2,2,0,1,0.42574
0,2,2,0,2,1,0,1,0.41236
0,2,2,0,1,2,0,1,0.3432
1,2,2,1,2,1,21,3,0.47635
0,2,2,0,1,2,0,1,0.42319
0,2,2,0,1,2,0,1,0.33761
0,2,2,0,2,2,0,1,0.32185
0,2,2,0,2,2,0,1,0.49691
0,2,2,0,2,1,0,1,0.39277
0,2,2,0,1,1,0,1,0.39829
0,2,2,0,1,2,0,1,0.36355
0,2,2,0,2,2,0,1,0.32087
0,2,2,0,2,1,0,1,0.42212
0,2,2,0,2,1,0,1,0.50722
0,2,2,0,1,2,0,1,0.75531
0,2,2,0,2,1,0,1,0.79518
0,2,2,0,2,1,0,1,0.46475
1,2,2,1,1,2,18,3,0.51534
0,2,2,0,2,2,0,1,0.91801
0,2,2,0,2,2,0,1,0.43255
0,2,2,0,1,1,0,1,0.46187
0,2,2,0,2,1,0,1,0.40577
0,2,2,0,1,2,0,1,0.37876
1,2,2,1,1,2,14,3,0.43503
1,2,2,1,2,2,18,3,0.46962
0,2,2,0,1,2,0,1,0.56278
0,2,2,0,1,2,0,1,0.46933
1,2,2,1,2,2,20,3,0.64265
0,2,2,0,2,1,0,1,0.61605
1,2,2,1,2,2,18,3,0.44815
0,2,2,0,1,2,0,1,0.4267
0,2,2,0,1,2,0,1,0.32807
0,2,2,0,2,2,0,1,0.33579
0,2,2,0,1,1,0,1,0.35455
0,2,2,0,1,2,0,1,0.47705
1,2,2,1,1,2,11,3,0.41847
1,2,2,1,2,1,11,3,0.49836
0,2,2,0,1,2,0,1,0.48487
0,2,2,0,2,1,0,1,0.40765
1,2,2,1,2,1,15,3,0.48478
0,2,2,0,1,2,0,1,0.40206
0,2,2,0,2,1,0,1,0.39667
0,2,2,0,2,1,0,1,0.38079
1,2,2,1,2,2,11,3,0.42351
0,2,2,0,1,1,0,1,0.42595
0,2,2,0,1,2,0,1,0.45268
0,2,2,0,1,2,0,1,0.40466
0,2,1,0,2,1,0,1,0.47114
0,2,1,0,1,1,0,1,0.37769
0,2,1,0,2,2,0,1,0.40716
0,2,1,0,2,2,0,1,0.40966
0,2,1,0,2,1,0,1,0.40408
0,2,1,0,1,2,0,1,0.39598
1,2,1,1,2,1,11,3,0.7107
0,2,1,0,1,1,0,1,0.36426
0,2,1,0,2,2,0,1,0.44938
1,2,1,1,1,1,18,3,0.47057
0,2,1,0,2,1,0,1,0.34249
0,2,1,0,2,2,0,1,0.41182
0,2,1,0,1,1,0,1,0.33966
0,2,1,0,2,1,0,1,0.37462
1,2,1,1,1,2,18,3,0.42508
0,2,1,0,1,2,0,1,0.46238
0,2,1,0,1,1,0,1,0.37964
0,2,1,0,2,1,0,1,0.36902
0,2,1,0,2,2,0,1,0.39303
0,2,1,0,2,1,0,1,0.40636
0,2,1,0,1,1,0,1,0.3928
0,2,1,0,1,1,0,1,0.33399
0,2,1,0,1,2,0,1,0.39552
0,2,1,0,1,1,0,1,0.37925
0,2,1,0,1,1,0,1,0.41409
0,2,1,0,1,1,0,1,0.37912
1,2,1,1,2,1,18,3,0.54435
0,2,1,0,2,2,0,1,0.39499
0,2,1,0,2,2,0,1,0.39525
0,2,1,0,1,1,0,1,0.37362
0,2,1,0,1,1,0,1,0.35243
0,2,1,0,2,1,0,1,0.44035
0,2,1,0,2,1,0,1,0.37362
0,2,1,0,2,1,0,1,0.42178
0,2,1,0,2,1,0,1,0.41079
0,2,1,0,2,2,0,1,0.40547
1,2,1,1,2,1,17,3,0.48832
0,2,1,0,2,2,0,1,0.37882
1,2,1,1,2,1,14,3,0.4346
1,2,1,1,2,1,20,3,0.45341
0,2,1,0,2,2,0,1,0.46122
1,2,1,1,1,2,20,3,0.56781
0,2,1,0,1,1,0,1,0.42386
0,2,1,0,2,2,0,1,0.44255
0,2,1,0,2,2,0,1,0.43698
0,2,1,0,1,2,0,1,0.45568
0,2,1,0,1,1,0,1,0.41802
0,2,1,0,2,2,0,1,0.62099
1,2,1,1,1,2,20,3,0.46079
1,2,1,1,2,1,12,3,0.47692
0,2,1,0,1,2,0,1,0.41806
0,2,1,0,1,2,0,1,0.37814
0,2,1,0,2,2,0,1,0.38324
1,2,1,1,1,2,15,3,0.45799
0,2,1,0,2,2,0,1,0.44444
1,2,1,1,1,1,18,3,0.40457
1,2,1,1,1,1,15,3,0.48448
0,2,1,0,2,2,0,1,0.46048
1,2,1,1,1,2,10,3,0.38814
0,2,1,0,2,1,0,1,0.3858
0,2,1,0,1,2,0,1,0.38561
0,2,1,0,1,2,0,1,0.38815
0,2,1,0,1,2,0,1,0.36957
0,2,1,0,1,2,0,1,0.33759
1,2,1,1,1,1,20,3,0.44123
0,2,1,0,1,1,0,1,0.37746
0,2,1,0,2,2,0,1,0.41455
1,2,1,1,1,1,13,3,0.44679
0,2,1,0,1,1,0,1,0.34527
0,2,1,0,1,1,0,1,0.34252
0,2,1,0,2,1,0,1,0.44361
1,2,1,1,1,2,12,3,0.44372
0,2,1,0,1,2,0,1,0.37959
0,2,1,0,1,1,0,1,0.36093
0,2,1,0,1,2,0,1,0.33156
0,2,1,0,2,1,0,1,0.36628
1,2,1,1,1,2,13,3,0.40904
0,2,1,0,1,2,0,1,0.39032
0,2,1,0,1,2,0,1,0.278
0,2,1,0,1,1,0,1,0.52328
0,2,2,0,1,2,0,1,0.47259
1,2,2,1,1,1,18,1,0.34436
0,2,2,0,2,2,0,1,0.35238
0,2,2,0,2,2,0,1,0.36572
0,2,2,0,2,2,0,1,0.43767
0,2,2,0,1,2,0,1,0.37899
0,2,2,0,1,1,0,1,0.53381
0,2,2,0,2,2,0,1,0.3949
0,2,2,0,2,1,0,1,0.60299
0,2,2,0,1,1,0,1,0.37627
0,2,2,0,1,1,0,1,0.3413
0,2,2,0,2,1,0,1,0.408
0,2,2,0,1,1,0,1,0.3947
1,2,2,1,1,2,19,3,0.47194
0,2,2,0,2,1,0,1,0.39479
0,2,2,0,2,1,0,1,0.33871
0,2,2,0,1,2,0,1,0.33338
1,2,2,1,2,1,15,3,0.48776
0,2,2,0,2,1,0,1,0.52238
0,2,2,0,2,1,0,1,0.31175
0,2,2,0,2,2,0,1,0.41054
0,2,2,0,1,1,0,1,0.37835
1,2,2,1,2,2,10,3,0.41029
1,2,2,1,2,1,18,3,0.42094
0,2,2,0,1,1,0,1,0.4557
0,2,2,0,2,2,0,1,0.35957
1,2,2,1,2,1,17,3,0.4235
0,2,2,0,1,2,0,1,0.42053
0,2,2,0,1,2,0,1,0.39658
1,2,2,1,1,2,12,3,0.48709
0,2,2,0,1,1,0,1,0.38318
1,2,2,1,2,1,17,3,0.49269
0,2,2,0,1,1,0,1,0.43384
0,2,2,0,1,2,0,1,0.50836
0,2,2,0,1,1,0,1,0.38054
0,2,2,0,1,1,0,1,0.46278
0,2,2,0,1,2,0,1,0.39897
0,2,2,0,2,2,0,1,0.39627
0,2,2,0,2,2,0,1,0.40961
1,2,2,1,1,2,19,3,0.49758
0,2,2,0,2,2,0,1,0.71047
0,2,2,0,1,2,0,1,0.34795
1,2,2,1,2,1,14,3,0.41706
0,2,2,0,1,2,0,1,0.43865
0,2,2,0,2,1,0,1,0.40661
0,2,2,0,1,1,0,1,0.40388
0,2,2,0,2,2,0,1,0.65438
0,2,2,0,1,2,0,1,0.37418
1,2,2,1,1,1,10,3,0.42476
1,2,2,1,1,2,21,3,0.40607
0,2,2,0,2,1,0,1,0.52626
0,2,2,0,2,1,0,1,0.40868
1,2,2,1,1,1,19,3,0.44863
0,2,2,0,1,2,0,1,0.41689
0,2,2,0,2,1,0,1,0.36584
1,2,2,1,2,2,18,3,0.44864
1,2,2,1,1,2,21,3,0.43784
0,2,2,0,2,2,0,1,0.4057
0,2,2,0,2,1,0,1,0.42434
1,2,2,1,1,2,16,3,0.5338
0,2,2,0,1,1,0,1,0.4429
0,2,2,0,1,2,0,1,0.34686
0,2,2,0,2,2,0,1,0.3151
1,2,2,1,1,1,20,3,0.43233
1,2,2,1,2,2,18,3,0.44817
0,2,2,0,1,2,0,1,0.46162
0,2,2,0,2,1,0,1,0.39486
0,2,2,0,2,2,0,1,0.33339
1,2,2,1,2,1,10,3,0.3921
1,2,2,1,1,1,18,3,0.3895
0,2,2,0,2,2,0,1,0.43175
0,2,2,0,1,2,0,1,0.38914
0,2,2,0,1,1,0,1,0.37851
0,2,2,0,1,2,0,1,0.38905
0,2,2,0,2,2,0,1,0.38122
0,2,2,0,1,2,0,1,0.38374
0,2,2,0,1,2,0,1,0.36786
1,2,2,1,2,1,15,3,0.48779
0,2,2,0,1,1,0,1,0.57029
1,2,2,1,1,2,10,3,0.44759
1,1,2,1,2,2,18,3,0.47938
1,1,2,1,2,1,13,3,0.4449
0,1,2,0,1,1,0,1,0.41797
1,1,2,1,1,2,15,3,0.37522
0,1,2,0,1,1,0,1,0.42605
1,1,2,1,2,2,21,3,0.36202
1,1,2,1,1,1,10,3,0.38044
1,1,2,1,2,1,21,3,0.38568
1,1,2,1,2,2,11,3,0.42032
0,1,2,0,2,1,0,1,0.56184
1,1,2,1,2,1,14,1,0.42292
1,1,2,1,1,1,20,3,0.41216
1,1,2,1,1,1,16,3,0.38012
1,1,2,1,1,1,21,3,0.36937
1,1,2,1,1,1,16,3,0.39887
1,1,2,1,1,1,14,3,0.36658
1,1,2,1,2,1,14,3,0.37197
1,1,2,1,2,2,14,3,0.37739
1,1,2,1,1,2,10,3,0.3267
1,1,2,1,1,2,12,3,0.33201
1,1,2,1,1,2,12,3,0.39051
1,1,2,1,1,2,16,3,0.401
1,1,2,1,1,2,21,3,0.4251
1,1,2,1,2,2,10,3,0.35577
1,1,2,1,1,1,20,3,0.31548
1,1,2,1,1,1,18,3,0.31017
1,1,2,1,2,1,11,3,0.34768
1,1,2,1,2,1,15,3,0.37685
1,1,2,1,2,1,21,3,0.41419
1,1,2,1,1,1,17,3,0.39266
1,1,2,1,1,1,13,3,0.33146
1,1,2,1,2,1,14,3,0.27534
1,1,2,1,2,2,20,3,0.36876
1,1,2,1,1,1,11,3,0.33376
1,1,2,1,2,1,16,3,0.29653
1,1,2,1,1,2,14,3,0.37374
1,1,2,1,1,2,16,3,0.33127
0,1,2,0,2,2,0,1,0.40836
0,1,2,0,1,1,0,1,0.34705
1,1,2,1,2,2,11,3,0.54976
1,1,2,1,1,1,12,3,0.44018
0,1,2,0,1,1,0,1,0.67223
1,1,2,1,1,1,13,3,0.40812
1,1,2,1,2,2,17,3,0.344
1,1,2,1,1,2,19,3,0.29065
0,1,2,0,1,2,0,1,0.42129
1,1,2,1,1,2,17,3,0.38642
0,1,2,0,1,1,0,1,0.52001
1,1,2,1,1,1,12,3,0.37048
1,1,2,1,1,2,13,3,0.3516
1,1,2,1,1,1,21,3,0.34895
1,1,2,1,2,1,20,3,0.31441
1,1,2,1,1,1,17,3,0.5996
1,1,2,1,1,2,21,3,0.37311
1,1,2,1,2,2,20,3,0.30344
1,1,2,1,1,1,21,3,0.34617
1,1,2,1,2,1,17,3,0.35942
1,1,2,1,1,1,21,3,0.34613
1,1,2,1,1,1,14,3,0.33275
1,1,2,1,1,1,13,3,0.36717
0,1,2,0,1,1,0,1,0.44481
0,1,2,0,1,1,0,1,0.39674
0,1,2,0,1,2,0,1,0.40472
1,1,2,1,2,2,11,3,0.45259
1,1,2,1,1,2,19,3,0.35375
0,1,2,0,1,1,0,1,0.51123
1,1,2,1,2,2,13,3,0.3991
1,1,2,1,2,1,19,3,0.42293
0,1,2,0,1,2,0,1,0.45492
1,1,2,1,2,2,12,3,0.39631
1,1,2,1,1,1,21,3,0.36396
1,1,2,1,2,1,18,3,0.43626
1,1,2,1,1,1,21,3,0.35598
1,1,2,1,2,2,20,3,0.34288
1,1,2,1,2,2,20,3,0.34284
0,1,2,0,1,1,0,1,0.47579
0,1,2,0,2,1,0,1,0.40909
0,1,2,0,1,1,0,1,0.44661
1,1,2,1,2,2,20,3,0.45455
1,1,2,1,2,2,13,3,0.36363
1,1,1,1,1,2,20,3,0.44623
1,1,1,1,2,2,14,3,0.32372
1,1,1,1,2,2,18,3,0.42212
1,1,1,1,2,1,12,3,0.31022
1,1,1,1,1,2,20,3,0.31525
1,1,1,1,1,2,13,3,0.33918
1,1,1,1,2,1,17,3,0.38979
1,1,1,1,2,1,15,3,0.30477
1,1,1,1,1,2,16,3,0.32593
1,1,1,1,1,1,12,3,0.35239
0,1,1,0,2,1,0,1,0.42167
1,1,1,1,1,2,10,3,0.30444
1,1,1,1,2,1,20,3,0.32573
0,1,1,0,2,1,0,1,0.41383
1,1,1,1,1,1,11,3,0.31745
0,1,1,0,2,1,0,1,0.36304
1,1,1,1,1,2,21,3,0.28828
0,1,1,0,2,1,0,1,0.39227
1,1,1,1,2,2,16,1,0.34948
1,1,1,1,2,1,18,1,0.40265
1,1,1,1,1,1,17,3,0.55214
1,1,1,1,1,2,13,3,0.33882
0,1,1,0,2,2,0,1,0.40252
0,1,1,0,2,2,0,1,0.36269
1,1,1,1,1,2,17,3,0.40789
1,1,1,1,2,1,13,3,0.31997
0,1,1,0,2,1,0,1,0.43724
1,1,1,1,2,1,15,3,0.32508
1,1,1,1,2,1,12,3,0.35164
0,1,1,0,2,1,0,1,0.70364
1,1,1,1,1,1,21,3,0.30904
0,1,1,0,2,1,0,1,0.40502
1,1,1,1,1,1,15,3,0.31704
1,1,1,1,1,2,11,3,0.31944
0,1,1,0,1,1,0,1,0.70078
1,1,1,1,2,1,19,3,0.41267
1,1,1,1,2,1,11,3,0.35407
1,1,1,1,1,1,20,3,0.35377
0,1,1,0,2,1,0,1,0.58056
0,1,1,0,2,1,0,1,0.38317
1,1,1,1,1,2,12,3,0.44719
1,1,1,1,2,2,20,3,0.35107
1,1,1,1,1,2,14,3,0.37776
1,1,1,1,1,1,15,3,0.38296
1,1,1,1,2,2,14,3,0.33738
1,1,1,1,1,2,20,3,0.38011
0,1,1,0,1,2,0,1,0.53738
1,1,1,1,2,2,20,3,0.47355
1,1,1,1,2,2,19,3,0.32686
1,1,1,1,2,2,11,3,0.32661
1,1,1,1,1,2,13,3,0.34534
1,1,1,1,2,1,13,3,0.42002
1,1,1,1,2,2,18,3,0.48364
1,1,1,1,2,2,10,3,0.40124
1,1,1,1,1,1,20,3,0.32654
0,1,1,0,1,1,0,1,0.53706
1,1,1,1,2,2,11,3,0.34222
1,1,1,1,1,2,21,3,0.33955
1,1,1,1,1,2,10,3,0.35009
1,1,1,1,2,1,20,3,0.36871
1,1,1,1,2,1,10,3,0.34729
1,1,1,1,1,2,10,3,0.2833
1,1,1,1,1,1,12,3,0.44327
1,1,1,1,1,2,13,3,0.32057
0,1,1,0,1,1,0,1,0.41923
0,1,1,0,1,2,0,1,0.36065
1,1,1,1,1,2,19,3,0.41903
1,1,1,1,1,2,20,3,0.38978
1,1,1,1,1,2,14,3,0.43769
1,1,1,1,1,1,11,3,0.34965
1,1,1,1,1,2,10,3,0.32564
1,1,1,1,1,1,13,3,0.5284
1,1,1,1,2,1,12,3,0.64272
0,1,1,0,1,1,0,1,0.42695
1,1,1,1,2,2,20,3,0.37372
1,1,1,1,1,1,13,3,0.3227
1,1,1,1,1,1,15,3,0.32827
1,1,1,1,1,1,21,3,0.32522
1,1,1,1,1,2,15,3,0.27473
1,1,1,1,1,2,12,3,0.27714
0,1,1,0,1,1,0,1,0.49291
1,1,1,1,1,1,14,3,0.48486
1,1,1,1,1,2,15,3,0.48496
1,1,1,1,2,2,19,3,0.37032
1,1,1,1,1,1,14,3,0.34105
0,1,1,0,1,1,0,1,0.45271
0,1,1,0,2,2,0,1,0.45822
1,1,1,1,2,1,18,3,0.39677
1,1,1,1,1,2,21,3,0.43152
1,1,1,1,1,2,14,3,0.2741
1,1,1,1,2,1,16,3,0.36191
0,1,1,0,2,1,0,1,0.47132
1,1,1,1,2,1,10,3,0.30339
0,1,1,0,2,2,0,1,0.46043
1,1,1,1,2,2,14,3,0.3484
1,1,1,1,2,1,20,3,0.37766
0,1,1,0,2,2,0,1,0.43629
1,1,1,1,1,2,11,3,0.38581
1,1,1,1,1,1,10,3,0.29754
1,1,1,1,1,2,14,3,0.41471
1,1,1,1,2,2,16,3,0.35078
1,1,1,1,1,2,10,3,0.31628
1,1,1,1,2,2,17,3,0.37222
0,1,1,0,1,2,0,1,0.46806
0,1,1,0,1,2,0,1,0.54784
1,1,1,1,2,1,17,3,0.42806
0,1,1,0,1,1,0,1,0.54245
1,1,1,1,2,1,21,3,0.31587
1,1,1,1,2,2,20,3,0.35577
1,1,1,1,2,1,12,3,0.40369
0,1,1,0,1,1,0,3,0.47849
1,1,1,1,2,1,20,3,0.31573
1,1,1,1,2,1,14,3,0.37717
1,1,1,1,1,1,21,3,0.52913
1,1,1,1,1,2,16,3,0.34244
0,1,1,0,2,2,0,1,0.49161
1,1,1,1,1,1,15,3,0.33411
1,1,1,1,2,2,10,3,0.43277
0,1,1,0,1,2,0,1,0.42482
1,1,1,1,1,2,15,3,0.44877
1,1,2,1,2,1,10,3,1.0191
1,1,2,1,1,2,21,3,0.39256
0,1,2,0,1,1,0,1,0.46721
0,1,2,0,2,1,0,1,0.42696
1,1,2,1,2,2,19,3,0.38429
1,1,2,1,2,2,15,3,0.55487
1,1,2,1,1,1,12,3,0.35212
0,1,2,0,1,2,0,1,0.55504
1,1,2,1,1,2,15,3,0.46169
0,1,2,0,2,2,0,1,0.46691
1,1,2,1,1,2,20,3,0.37342
0,1,2,0,2,1,0,1,0.64003
0,1,2,0,1,1,0,1,0.45606
1,1,2,1,2,1,17,3,0.47711
1,1,2,1,2,1,15,3,0.34662
1,1,2,1,2,2,12,3,0.4184
1,1,2,1,2,1,20,3,0.43998
0,1,2,0,2,2,0,1,0.42386
1,1,2,1,2,2,18,3,0.41817
0,1,2,0,2,2,0,1,0.56748
1,1,2,1,2,2,10,3,0.33286
1,1,2,1,2,1,11,3,0.36738
0,1,2,0,1,1,0,1,0.43703
0,1,2,0,2,2,0,1,0.52467
1,1,2,1,1,1,18,3,0.31686
1,1,2,1,2,2,15,3,0.34609
1,1,2,1,2,1,19,3,0.31942
0,1,2,0,1,1,0,1,0.41522
1,1,2,1,1,1,19,3,0.41243
1,1,2,1,2,1,12,3,0.38855
1,1,2,1,1,1,21,3,0.36187
1,1,2,1,2,1,14,3,0.54321
1,1,2,1,1,1,13,3,0.34034
1,1,2,1,1,2,12,3,0.31897
1,1,2,1,1,2,12,3,0.37508
1,1,2,1,2,1,18,3,0.60701
0,1,2,0,2,1,0,1,0.49765
1,1,2,1,1,2,18,3,0.67873
1,1,2,1,1,1,12,3,0.36132
1,1,2,1,1,2,15,3,0.39871
1,1,1,1,2,2,10,3,0.53994
1,1,1,1,2,1,18,3,0.4146
1,1,1,1,2,1,15,3,0.38783
1,1,1,1,1,2,18,3,0.37964
1,1,1,1,1,1,19,3,0.38495
1,1,1,1,1,1,15,3,0.40379
1,1,1,1,1,2,10,3,0.42775
1,1,1,1,2,2,16,3,0.43302
1,1,1,1,1,2,14,3,0.3557
1,1,1,1,2,2,21,3,0.37957
1,1,1,1,1,2,20,3,0.41161
0,1,1,0,2,1,0,1,0.49676
1,1,1,1,1,1,21,3,0.27782
1,1,1,1,1,1,21,3,0.34986
1,1,1,1,2,2,10,3,0.36328
0,1,1,0,1,2,0,1,0.72321
1,1,1,1,1,2,19,3,0.34736
1,1,1,1,1,1,21,3,0.33375
1,1,1,1,2,2,17,3,0.4349
1,1,1,1,1,2,21,3,0.31221
1,1,1,1,2,2,14,3,0.37112
0,1,1,0,1,1,0,1,0.45605
1,1,1,1,2,2,19,3,0.41873
1,1,1,1,1,1,15,3,0.38944
1,1,1,1,1,1,20,3,0.33358
1,1,1,1,2,2,14,3,0.37859
1,1,1,1,2,2,19,3,0.39207
0,1,1,0,2,1,0,1,0.49071
1,1,1,1,2,1,12,3,0.42929
1,1,1,1,2,1,20,3,0.39196
1,1,1,1,2,1,10,3,0.37303
1,1,1,1,2,2,19,3,0.36782
1,1,1,1,1,2,11,3,0.39721
1,1,1,1,2,2,12,3,0.36221
1,1,1,1,2,2,15,3,0.40236
0,1,1,0,2,2,0,1,0.57847
1,1,1,1,1,2,10,3,0.32209
1,1,1,1,1,2,17,3,0.49812
1,1,1,1,2,2,19,3,0.49041
0,1,1,0,1,2,0,1,0.51659
1,1,1,1,1,1,18,3,0.44478
0,1,1,0,1,2,0,1,0.42871
1,1,1,1,1,2,20,3,0.35643
1,1,1,1,2,2,11,3,0.41508
1,1,1,1,2,1,14,3,0.44194
0,1,1,0,1,2,0,1,0.48984
1,1,1,1,2,2,19,3,0.38301
1,1,1,1,1,1,20,3,0.37225
1,1,1,1,2,1,13,3,0.40174
0,1,1,0,1,1,0,1,0.47909
1,1,1,1,2,2,21,3,0.34293
1,1,1,1,2,1,14,3,0.35356
0,1,1,0,1,2,0,1,0.46559
1,1,1,1,2,1,14,3,0.35606
1,1,1,1,1,1,14,3,0.42538
1,1,1,1,1,1,10,3,0.31313
1,1,1,1,2,1,17,3,0.37445
0,1,1,0,2,1,0,1,0.37995
1,1,1,1,2,1,21,3,0.32399
0,1,1,0,2,2,0,3,0.26793
0,1,1,0,2,2,0,1,0.42514
1,1,1,1,1,2,10,3,0.32378
0,1,1,0,2,1,0,1,0.30514
1,1,1,1,1,2,15,1,0.32898
1,1,1,1,1,1,10,3,0.39026
1,1,1,1,1,1,12,3,0.52079
0,1,1,0,2,1,0,1,0.39536
1,1,1,1,1,1,14,3,0.36859
1,1,1,1,1,2,13,3,0.36331
1,1,1,1,1,2,17,3,0.36612
0,1,1,0,2,2,0,1,0.36058
0,1,1,0,2,1,0,1,0.42204
1,1,1,1,2,2,14,3,0.44062
1,1,1,1,2,2,14,3,0.39239
1,1,1,1,2,1,10,3,0.34992
0,1,1,0,2,1,0,1,0.4699
0,1,1,0,1,2,0,1,0.7657
1,1,1,1,2,1,13,3,0.37081
1,1,1,1,2,2,15,3,0.3814
1,1,1,1,2,2,19,3,0.42703
0,1,2,0,2,2,0,1,0.44525
1,1,2,1,1,2,17,1,0.44263
0,1,2,0,1,2,0,1,0.5653
1,1,2,1,1,1,10,3,0.4426
1,1,2,1,1,2,11,3,0.44521
1,1,2,1,2,1,11,3,0.4077
1,1,2,1,2,1,11,3,0.39187
0,1,2,0,1,1,0,1,0.42358
1,1,2,1,2,2,15,3,0.40761
0,1,2,0,1,2,0,1,0.4261
1,1,2,1,2,1,11,3,0.36736
0,1,2,0,2,2,0,1,0.59691
0,1,2,0,1,1,0,1,0.61553
1,1,2,1,2,1,16,3,0.45275
1,1,2,1,2,2,13,3,0.3541
1,1,2,1,2,1,21,3,0.3912
1,1,2,1,1,1,11,3,0.38605
1,1,2,1,2,2,15,3,0.36997
0,1,2,0,2,2,0,1,0.47375
1,1,2,1,2,2,17,3,0.4258
1,1,2,1,2,1,17,3,0.3806
1,1,2,1,2,1,19,3,0.43098
1,1,2,1,2,2,17,3,0.34582
0,1,2,0,2,2,0,1,0.46852
0,1,2,0,2,2,0,1,0.61209
1,1,2,1,2,1,21,3,0.33229
1,1,2,1,2,1,21,3,0.37212
1,1,2,1,2,1,17,3,0.39895
0,1,2,0,2,1,0,1,0.46786
1,1,2,1,2,2,21,3,0.39878
0,1,2,0,1,1,0,1,0.47085
1,1,2,1,2,1,17,3,0.37731
0,1,2,0,1,2,0,1,0.40396
1,1,2,1,1,2,17,3,0.47858
1,1,2,1,2,2,18,3,0.4143
0,1,2,0,1,1,0,3,0.49175
1,1,2,1,2,1,15,3,0.40123
0,1,2,0,1,1,0,1,0.70238
1,1,2,1,1,1,14,3,0.57968
1,1,2,1,1,1,15,3,0.39547
1,1,2,1,1,2,18,3,0.46416
1,1,2,1,1,1,16,3,0.36302
1,1,2,1,2,2,15,3,0.34704
1,1,2,1,2,1,12,3,0.46143
0,1,2,0,2,2,0,1,0.41627
1,1,2,1,2,1,20,3,0.44285
1,1,2,1,2,2,10,3,0.39494
1,1,2,1,1,2,15,3,0.37863
0,1,2,0,2,1,0,1,0.48279
1,1,2,1,1,1,12,3,0.43989
0,1,2,0,2,2,0,1,0.44274
0,1,2,0,2,2,0,1,0.43171
1,1,2,1,1,1,12,3,0.52232
0,1,2,0,1,2,0,1,0.37859
1,1,2,1,2,1,14,3,0.42355
1,1,2,1,1,1,16,3,0.43685
1,1,2,1,2,1,12,3,0.51955
1,1,2,1,2,1,14,3,0.46617
1,1,2,1,2,1,16,3,0.37801
1,1,2,1,1,1,19,3,0.51697
1,1,2,1,1,1,10,3,0.40495
1,1,2,1,2,2,11,3,0.35424
1,1,2,1,1,1,11,3,0.39418
1,1,2,1,1,1,17,3,0.38342
1,1,2,1,2,1,20,3,0.38871
1,1,2,1,1,2,16,3,0.37262
0,1,2,0,2,2,0,1,0.51929
1,1,2,1,1,1,13,3,0.64708
1,1,2,1,2,2,15,3,0.33229
0,1,2,0,1,2,0,1,0.67354
0,1,2,0,2,1,0,1,0.54547
0,1,2,0,2,1,0,1,0.42277
1,1,2,1,1,2,18,3,0.46543
1,1,2,1,1,2,17,3,0.42015
1,1,2,1,2,1,11,3,0.39061
1,1,2,1,2,1,16,3,0.3639
1,1,2,1,1,1,11,3,0.33464
0,1,2,0,1,2,0,1,0.46523
1,1,2,1,1,2,12,3,0.36932
1,1,2,1,1,2,19,3,0.5319
